Pos	Channel	Cell	MothCell	BirthFr	DivFr	Lb	Lri	Lrt	Lc	Ld	Tri	Trt	Tn	Tc	Td	Tn-Trt	Tc-Trt	Tc-Tn	(Tn-Trt)/Td	(Tc-Trt)/ Td	(Tc-Tn)/ Td
1	1	1	1	44	69	1.657	1.136	1.731	2.179	3.089	-60	8	40	56	100	32	48	16	0.32	0.48	0.16
1	1	1	1	69	94	1.352	1.179	1.399	2.619	3.241	-36	36	68	76	100	32	40	8	0.32	0.4	0.08
1	1	1	1	94	139	1.772	1.644	2.253	3.019	3.79	-16	80	136	144	180	56	64	8	0.311111111	0.355555556	0.044444444
1	1	1	1	139	170	2.038	1.501	2.329	2.372	3.088	-64	52	68	72	124	16	20	4	0.129032258	0.161290323	0.032258065
1	1	1	1	170	221	1.745	1.734	2.269	2.511	3.629	-4	120	148	160	204	28	40	12	0.137254902	0.196078431	0.058823529
1	1	1	1	221	240	1.989	1.573	2.222	2.267	3.106	-36	28	32	36	76	4	8	4	0.052631579	0.105263158	0.052631579
1	1	1	1	240	270	1.491	1.224	2.059	2.27	3.611	-24	36	64	80	120	28	44	16	0.233333333	0.366666667	0.133333333
1	1	9	9	38	75	1.377	1.087	1.744	2.266	3.619	-44	44	92	100	148	48	56	8	0.324324324	0.378378378	0.054054054
1	1	14	9	38	75	1.49	1.19	1.657	1.682	3.557	-36	56	64	64	148	8	8	0	0.054054054	0.054054054	0
1	1	16	1	44	69	1.65	1.14	1.752	2.177	2.893	-56	12	56	72	100	44	60	16	0.44	0.6	0.16
1	1	16	16	69	105	1.367	1.067	1.777	2.287	3.352	-40	36	96	104	144	60	68	8	0.416666667	0.472222222	0.055555556
1	1	18	1	70	101	1.566	1.249	2.082	2.238	3.533	-52	36	64	76	124	28	40	12	0.225806452	0.322580645	0.096774194
1	1	18	18	101	133	1.562	0.926	1.934	2.689	4.327	-76	28	80	92	128	52	64	12	0.40625	0.5	0.09375
1	1	18	18	133	147	2.312	1.231	2.312	2.264	3.328	-80	0	12	24	56	12	24	12	0.214285714	0.428571429	0.214285714
1	1	19	16	69	102	1.525	1.223	1.933	2.514	3.18	-36	48	84	92	132	36	44	8	0.272727273	0.333333333	0.060606061
1	1	22	1	94	124	1.47	1.266	2.057	2.304	3.297	-16	56	76	84	120	20	28	8	0.166666667	0.233333333	0.066666667
1	1	22	22	125	148	1.752	1.307	2.166	2.213	3.17	-36	36	40	44	92	4	8	4	0.043478261	0.086956522	0.043478261
1	1	22	22	146	188	1.567	1.37	2.174	2.331	3.251	-20	80	104	116	168	24	36	12	0.142857143	0.214285714	0.071428571
1	1	23	18	101	127	1.971	1.496	2.172	2.721	3.964	-40	20	52	72	104	32	52	20	0.307692308	0.5	0.192307692
1	1	27	22	123	154	1.558	1.228	2.128	2.084	3.272	-28	48	64	72	124	16	24	8	0.129032258	0.193548387	0.064516129
1	1	30	1	139	171	1.753	1.259	2.13	2.176	2.582	-64	48	60	76	128	12	28	16	0.09375	0.21875	0.125
1	1	30	30	171	220	1.185	1.265	1.472	2.35	3.673	-8	60	136	156	196	76	96	20	0.387755102	0.489795918	0.102040816
1	1	30	30	221	242	1.773	1.345	1.876	2.472	3.713	-56	16	40	56	84	24	40	16	0.285714286	0.476190476	0.19047619
1	1	32	22	147	184	1.624	1.315	2.051	2.393	3.143	-28	84	96	104	148	12	20	8	0.081081081	0.135135135	0.054054054
1	1	34	1	168	239	1.297	1.2	2.149	2.357	3.923	-20	140	180	212	284	40	72	32	0.14084507	0.253521127	0.112676056
1	1	35	30	171	218	1.397	1.48	1.933	2.748	3.795	-4	76	140	156	188	64	80	16	0.340425532	0.425531915	0.085106383
1	1	41	1	219	248	1.644	1.116	1.835	2.519	3.676	-52	24	60	72	116	36	48	12	0.310344828	0.413793103	0.103448276
1	1	41	41	247	275	1.801	1.217	2.13	2.669	3.386	-52	36	68	72	112	32	36	4	0.285714286	0.321428571	0.035714286
1	1	44	1	240	268	1.616	1.327	1.899	2.308	3.206	-28	52	72	76	112	20	24	4	0.178571429	0.214285714	0.035714286
1	1	44	44	269	297	1.622	1.08	2.064	2.436	3.817	-48	32	60	72	112	28	40	12	0.25	0.357142857	0.107142857
1	1	46	1	270	299	1.94	1.156	2.264	2.6	4.031	-48	24	64	84	116	40	60	20	0.344827586	0.517241379	0.172413793
1	1	47	44	270	298	1.566	1.217	1.825	2.257	3.745	-44	28	64	80	112	36	52	16	0.321428571	0.464285714	0.142857143
1	2	1	1	29	56	1.99	1.643	2.627	2.988	3.939	-32	44	68	72	108	24	28	4	0.222222222	0.259259259	0.037037037
1	2	1	1	57	76	2.155	1.421	2.475	2.574	3.784	-56	24	28	32	76	4	8	4	0.052631579	0.105263158	0.052631579
1	2	1	1	76	100	2.104	1.775	2.856	3.222	4.131	-24	40	64	64	96	24	24	0	0.25	0.25	0
1	2	1	1	100	125	2.035	1.663	2.527	2.722	3.822	-28	40	52	56	100	12	16	4	0.12	0.16	0.04
1	2	1	1	125	144	2.169	1.711	2.592	2.592	3.505	-40	28	28	36	76	0	8	8	0	0.105263158	0.105263158
1	2	1	1	142	173	1.976	2.002	3.009	3.009	4.135	4	84	84	88	124	0	4	4	0	0.032258065	0.032258065
1	2	1	1	173	193	2.25	1.837	2.734	2.975	3.716	-28	40	48	52	80	8	12	4	0.1	0.15	0.05
1	2	1	1	194	220	2.138	1.755	2.471	3.091	3.876	-32	32	72	72	104	40	40	0	0.384615385	0.384615385	0
1	2	1	1	219	238	2.172	1.608	2.408	2.519	3.63	-40	24	36	48	76	12	24	12	0.157894737	0.315789474	0.157894737
1	2	1	1	238	260	2.239	2.065	2.772	3.312	4.408	-8	40	56	60	88	16	20	4	0.181818182	0.227272727	0.045454545
1	2	2	2	26	54	1.603	1.394	2.353	2.559	3.497	-16	56	72	76	112	16	20	4	0.142857143	0.178571429	0.035714286
1	2	2	2	54	72	1.783	1.375	2.138	2.178	2.825	-48	20	24	44	72	4	24	20	0.055555556	0.333333333	0.277777778
1	2	3	3	29	49	1.59	1.158	2.167	1.89	3.443	-32	40	44	52	80	4	12	8	0.05	0.15	0.1
1	2	10	2	26	61	1.713	1.506	2.285	2.315	4.564	-12	68	84	104	140	16	36	20	0.114285714	0.257142857	0.142857143
1	2	12	1	29	59	1.504	1.242	1.861	2.059	3.193	-32	56	68	80	120	12	24	12	0.1	0.2	0.1
1	2	12	12	59	99	1.626	1.48	2.079	2.079	3.317	-8	88	88	100	160	0	12	12	0	0.075	0.075
1	2	16	1	56	75	1.882	1.396	1.876	2.35	3.055	-44	20	40	36	76	20	16	-4	0.263157895	0.210526316	-0.052631579
1	2	16	16	75	104	1.441	1.188	2.029	2.131	3.213	-28	64	76	84	116	12	20	8	0.103448276	0.172413793	0.068965517
1	2	20	16	76	106	1.444	1.367	1.805	1.996	3.235	-28	48	68	68	120	20	20	0	0.166666667	0.166666667	0
1	2	21	1	78	101	1.738	1.314	2.07	2.645	3.584	-40	32	56	60	92	24	28	4	0.260869565	0.304347826	0.043478261
1	2	21	21	101	123	1.875	1.421	2.132	2.217	3.019	-28	36	44	48	88	8	12	4	0.090909091	0.136363636	0.045454545
1	2	23	1	100	124	2.096	1.489	2.584	2.93	3.988	-44	44	60	72	96	16	28	12	0.166666667	0.291666667	0.125
1	2	23	23	124	141	1.847	1.273	2.232	2.529	3.519	-44	20	32	40	68	12	20	8	0.176470588	0.294117647	0.117647059
1	2	23	23	141	167	1.865	1.601	2.304	2.522	3.449	-20	60	72	80	104	12	20	8	0.115384615	0.192307692	0.076923077
1	2	28	1	126	147	1.789	1.298	1.807	1.93	2.741	-36	32	44	60	84	12	28	16	0.142857143	0.333333333	0.19047619
1	2	29	23	124	143	2.141	1.573	2.328	2.776	4.095	-36	16	44	56	76	28	40	12	0.368421053	0.526315789	0.157894737
1	2	32	1	142	178	1.504	1.511	2.384	2.585	3.291	12	92	100	108	144	8	16	8	0.055555556	0.111111111	0.055555556
1	2	32	32	178	215	1.753	1.505	2.13	2.279	3.048	-24	68	76	104	148	8	36	28	0.054054054	0.243243243	0.189189189
1	2	33	28	147	177	1.453	1.424	2.26	2.173	3.555	-4	76	88	96	120	12	20	8	0.1	0.166666667	0.066666667
1	2	35	1	174	202	1.918	1.398	2.266	2.876	3.615	-36	36	68	76	112	32	40	8	0.285714286	0.357142857	0.071428571
1	2	36	32	178	208	1.539	1.216	1.935	2.176	3.726	-44	44	72	80	120	28	36	8	0.233333333	0.3	0.066666667
1	2	38	1	195	218	1.827	1.506	2.191	2.289	3.331	-20	36	40	44	92	4	8	4	0.043478261	0.086956522	0.043478261
1	2	38	38	217	247	1.7	1.21	2.473	2.682	3.44	-32	52	76	84	120	24	32	8	0.2	0.266666667	0.066666667
1	2	43	38	218	240	1.621	1.253	1.735	2.1	3.139	-40	24	44	56	88	20	32	12	0.227272727	0.363636364	0.136363636
1	2	44	1	219	239	1.646	1.503	2.076	2.245	3.151	-12	32	40	48	80	8	16	8	0.1	0.2	0.1
1	2	44	44	239	265	1.617	1.493	2.316	2.342	3.246	-16	56	64	72	104	8	16	8	0.076923077	0.153846154	0.076923077
1	2	45	44	238	266	1.793	1.313	2.463	2.437	3.327	-20	68	76	84	112	8	16	8	0.071428571	0.142857143	0.071428571
1	2	46	1	238	262	1.391	1.103	2.128	2.313	3.056	-24	56	64	72	96	8	16	8	0.083333333	0.166666667	0.083333333
1	3	1	1	19	40	1.951	1.555	2.448	2.661	3.558	-24	40	52	56	84	12	16	4	0.142857143	0.19047619	0.047619048
1	3	1	1	39	73	1.749	1.665	2.584	3.139	3.917	-4	72	104	108	136	32	36	4	0.235294118	0.264705882	0.029411765
1	3	1	1	73	104	2.068	1.567	2.406	3.062	3.969	-40	32	84	88	124	52	56	4	0.419354839	0.451612903	0.032258065
1	3	1	1	104	130	2.174	1.614	2.461	3.054	3.756	-52	28	60	68	104	32	40	8	0.307692308	0.384615385	0.076923077
1	3	1	1	130	161	2.081	1.692	2.281	2.78	3.468	-44	32	64	76	124	32	44	12	0.258064516	0.35483871	0.096774194
1	3	1	1	161	191	1.996	1.721	2.362	2.84	3.808	-24	44	76	84	120	32	40	8	0.266666667	0.333333333	0.066666667
1	3	1	1	192	213	2.21	1.628	2.38	2.746	3.581	-52	20	44	52	84	24	32	8	0.285714286	0.380952381	0.095238095
1	3	1	1	213	241	2.015	1.819	2.707	2.809	3.583	-16	68	72	84	112	4	16	12	0.035714286	0.142857143	0.107142857
1	3	1	1	242	275	1.878	1.596	2.469	2.849	3.586	-24	64	96	100	132	32	36	4	0.242424242	0.272727273	0.03030303
1	3	1	1	276	299	1.85	1.775	2.588	2.886	3.73	-28	36	52	52	92	16	16	0	0.173913043	0.173913043	0
1	3	2	2	19	58	1.682	1.301	2.028	2.819	4.429	-36	48	116	124	156	68	76	8	0.435897436	0.487179487	0.051282051
1	3	9	2	19	46	1.837	1.467	2.11	2.274	3.678	-28	44	64	72	108	20	28	8	0.185185185	0.259259259	0.074074074
1	3	11	1	19	45	1.848	1.534	2.305	2.746	3.54	-20	44	68	72	104	24	28	4	0.230769231	0.269230769	0.038461538
1	3	11	11	46	71	1.769	1.316	2.336	2.489	3.64	-40	36	52	56	100	16	20	4	0.16	0.2	0.04
1	3	14	11	45	73	1.844	1.476	2.145	2.856	3.15	-32	36	76	80	112	40	44	4	0.357142857	0.392857143	0.035714286
1	3	16	1	40	71	1.658	1.42	2.109	2.544	3.502	-12	60	88	92	124	28	32	4	0.225806452	0.258064516	0.032258065
1	3	16	16	72	91	1.869	1.189	2.333	2.746	3.153	-48	28	44	48	76	16	20	4	0.210526316	0.263157895	0.052631579
1	3	18	16	71	94	1.741	1.264	2.274	2.47	3.218	-36	40	56	72	92	16	32	16	0.173913043	0.347826087	0.173913043
1	3	19	1	74	108	1.729	1.364	2.06	2.635	3.593	-48	40	88	100	136	48	60	12	0.352941176	0.441176471	0.088235294
1	3	19	19	108	128	2.06	1.554	2.366	2.694	3.318	-44	20	36	44	80	16	24	8	0.2	0.3	0.1
1	3	19	19	127	147	1.882	1.39	2.045	2.574	3.601	-44	16	44	60	80	28	44	16	0.35	0.55	0.2
1	3	24	1	104	130	1.796	1.402	2.063	2.549	3.189	-40	28	56	76	104	28	48	20	0.269230769	0.461538462	0.192307692
1	3	24	24	130	168	1.533	1.185	1.92	2.368	3.208	-52	36	96	108	152	60	72	12	0.394736842	0.473684211	0.078947368
1	3	28	1	131	163	1.709	1.383	2.039	2.82	3.78	-44	32	76	84	128	44	52	8	0.34375	0.40625	0.0625
1	3	28	28	163	188	1.77	1.173	2.001	2.845	3.771	-60	16	60	60	100	44	44	0	0.44	0.44	0
1	3	28	28	187	207	1.621	1.087	1.839	2.34	3.205	-60	8	40	52	80	32	44	12	0.4	0.55	0.15
1	3	29	24	130	164	1.656	1.324	1.887	2.091	2.946	-48	36	80	96	136	44	60	16	0.323529412	0.441176471	0.117647059
1	3	33	1	161	195	1.472	1.23	1.844	2.92	4.151	-32	32	92	108	136	60	76	16	0.441176471	0.558823529	0.117647059
1	3	33	33	195	217	2.013	1.263	2.013	2.873	3.69	-64	0	52	56	88	52	56	4	0.590909091	0.636363636	0.045454545
1	3	33	33	216	238	1.753	1.444	2.326	2.326	3.482	-52	36	36	48	88	0	12	12	0	0.136363636	0.136363636
1	3	35	28	163	183	2.01	1.499	2.097	2.713	3.812	-52	12	48	52	80	36	40	4	0.45	0.5	0.05
1	3	39	1	191	220	1.65	1.233	1.924	2.474	3.784	-40	24	68	84	116	44	60	16	0.379310345	0.517241379	0.137931034
1	3	39	39	220	244	1.644	1.271	2.131	2.131	3.061	-32	36	36	48	96	0	12	12	0	0.125	0.125
1	3	40	33	194	216	2.052	1.352	2.106	2.728	4.185	-56	8	44	52	88	36	44	8	0.409090909	0.5	0.090909091
1	3	44	39	220	246	2.14	1.562	2.356	3.269	3.948	-36	32	72	80	104	40	48	8	0.384615385	0.461538462	0.076923077
1	3	45	1	213	242	1.566	1.342	2.055	2.278	3.383	-20	48	60	76	116	12	28	16	0.103448276	0.24137931	0.137931034
1	3	45	45	243	277	1.657	1.41	2.278	2.773	3.514	-24	52	96	100	136	44	48	4	0.323529412	0.352941176	0.029411765
1	3	47	45	242	274	1.735	1.485	1.889	2.811	3.96	-20	60	88	96	128	28	36	8	0.21875	0.28125	0.0625
1	3	50	1	242	273	1.735	1.692	2.169	2.586	3.859	-8	56	80	88	124	24	32	8	0.193548387	0.258064516	0.064516129
1	3	54	50	271	294	2.039	1.385	2.112	2.747	3.398	-36	20	52	64	92	32	44	12	0.347826087	0.47826087	0.130434783
1	4	1	1	233	260	1.647	1.238	1.711	2.723	3.878	-52	24	60	68	108	36	44	8	0.333333333	0.407407407	0.074074074
1	4	1	1	260	281	1.945	1.549	2.025	2.826	3.677	-44	16	48	52	84	32	36	4	0.380952381	0.428571429	0.047619048
1	4	3	3	17	39	1.83	1.397	2.213	2.394	3.369	-36	32	44	52	88	12	20	8	0.136363636	0.227272727	0.090909091
1	4	15	15	128	157	1.861	1.224	1.877	2.678	3.463	-76	4	68	76	116	64	72	8	0.551724138	0.620689655	0.068965517
1	4	15	15	157	198	1.747	1.291	2.024	2.255	3.819	-68	36	88	100	164	52	64	12	0.317073171	0.390243902	0.073170732
1	4	17	1	75	117	1.498	1.112	1.615	2.477	3.66	-100	8	108	120	168	100	112	12	0.595238095	0.666666667	0.071428571
1	4	19	15	73	92	1.939	1.18	1.877	2.3	3.491	-80	-8	28	40	76	36	48	12	0.473684211	0.631578947	0.157894737
1	4	26	15	128	155	1.735	1.099	1.569	1.993	3.172	-72	-8	48	56	108	56	64	8	0.518518519	0.592592593	0.074074074
1	4	29	1	171	216	2.01	1.325	1.961	2.938	3.995	-92	12	108	136	180	96	124	28	0.533333333	0.688888889	0.155555556
1	4	31	31	250	273	2.053	1.134	2.092	2.546	3.736	-84	8	48	60	92	40	52	12	0.434782609	0.565217391	0.130434783
1	4	33	31	226	252	1.654	0.989	2.036	1.964	2.675	-40	36	44	64	104	8	28	20	0.076923077	0.269230769	0.192307692
1	4	34	1	234	261	1.889	1.327	2.308	2.446	3.153	-48	20	64	76	108	44	56	12	0.407407407	0.518518519	0.111111111
1	4	34	34	261	296	1.498	1.093	1.726	2.483	2.95	-48	28	96	104	140	68	76	8	0.485714286	0.542857143	0.057142857
1	4	39	1	260	284	1.933	1.25	1.942	2.719	3.873	-44	8	64	64	96	56	56	0	0.583333333	0.583333333	0
1	5	1	1	81	101	2.051	1.375	2.367	2.683	3.607	-48	28	48	52	80	20	24	4	0.25	0.3	0.05
1	5	1	1	101	124	1.637	1.311	2.145	2.602	3.5	-24	32	64	68	92	32	36	4	0.347826087	0.391304348	0.043478261
1	5	1	1	125	146	2.039	1.361	2.135	2.468	3.338	-36	16	40	48	84	24	32	8	0.285714286	0.380952381	0.095238095
1	5	1	1	146	177	1.602	1.481	2.424	2.801	3.621	-16	48	92	96	124	44	48	4	0.35483871	0.387096774	0.032258065
1	5	1	1	177	199	1.746	1.293	2.031	2.724	3.665	-40	20	52	56	88	32	36	4	0.363636364	0.409090909	0.045454545
1	5	1	1	200	224	2.071	1.693	2.487	2.826	3.969	-28	32	48	56	96	16	24	8	0.166666667	0.25	0.083333333
1	5	1	1	225	253	2.105	1.473	2.326	2.748	3.956	-52	28	68	76	112	40	48	8	0.357142857	0.428571429	0.071428571
1	5	2	2	35	58	2.04	1.404	2.164	2.748	3.78	-52	12	44	44	92	32	32	0	0.347826087	0.347826087	0
1	5	11	2	33	58	1.843	1.307	2.219	2.953	4.387	-48	24	56	64	100	32	40	8	0.32	0.4	0.08
1	5	11	11	57	82	2.184	1.34	1.797	2.994	4.046	-56	-12	56	60	100	68	72	4	0.68	0.72	0.04
1	5	16	1	63	82	2.006	1.397	2.029	2.545	3.159	-52	4	44	36	76	40	32	-8	0.526315789	0.421052632	-0.105263158
1	5	17	1	81	99	1.911	1.295	2.074	2.736	3.307	-48	12	44	52	72	32	40	8	0.444444444	0.555555556	0.111111111
1	5	17	17	99	132	1.709	1.568	2.065	3.594	4.528	-12	40	104	104	132	64	64	0	0.484848485	0.484848485	0
1	5	18	16	82	111	1.726	1.393	2.286	2.518	3.214	-32	52	72	80	116	20	28	8	0.172413793	0.24137931	0.068965517
1	5	20	17	99	126	1.598	1.374	2.402	2.488	3.25	-24	56	72	76	108	16	20	4	0.148148148	0.185185185	0.037037037
1	5	21	1	101	128	1.97	1.588	2.651	2.792	3.555	-20	40	64	68	108	24	28	4	0.222222222	0.259259259	0.037037037
1	5	21	21	128	166	1.733	1.439	2.191	2.439	2.92	-44	60	80	96	152	20	36	16	0.131578947	0.236842105	0.105263158
1	5	23	21	128	160	1.822	1.396	2.286	2.276	3.236	-56	36	68	76	128	32	40	8	0.25	0.3125	0.0625
1	5	24	1	125	146	1.805	1.204	1.92	1.996	3.062	-36	28	36	56	84	8	28	20	0.095238095	0.333333333	0.238095238
1	5	24	24	146	176	1.491	1.262	2.16	2.397	3.193	-16	68	80	84	120	12	16	4	0.1	0.133333333	0.033333333
1	5	27	1	146	171	1.736	1.523	2.55	2.485	3.317	-20	48	60	68	100	12	20	8	0.12	0.2	0.08
1	5	27	27	172	193	1.758	1.303	1.961	2.05	3.214	-48	24	40	48	84	16	24	8	0.19047619	0.285714286	0.095238095
1	5	31	27	172	196	1.735	1.198	1.96	2.314	3.204	-44	24	44	52	96	20	28	8	0.208333333	0.291666667	0.083333333
1	5	32	1	177	199	1.875	1.327	2.237	2.553	3.7	-44	24	56	60	88	32	36	4	0.363636364	0.409090909	0.045454545
1	5	32	32	199	221	1.934	1.414	2.146	3.111	4.624	-40	20	56	60	88	36	40	4	0.409090909	0.454545455	0.045454545
1	5	32	32	221	238	2.353	1.324	2.389	2.896	3.482	-44	16	44	44	68	28	28	0	0.411764706	0.411764706	0
1	5	36	32	199	219	1.766	1.068	2.114	2.436	3.4	-36	24	40	44	80	16	20	4	0.2	0.25	0.05
1	5	38	1	200	224	1.741	1.165	2.161	2.648	3.629	-44	28	56	56	96	28	28	0	0.291666667	0.291666667	0
1	5	38	38	224	262	1.868	1.437	2.103	2.235	3.297	-36	64	72	96	152	8	32	24	0.052631579	0.210526316	0.157894737
1	5	40	38	224	254	1.761	1.18	2.34	2.837	4.377	-44	48	76	76	120	28	28	0	0.233333333	0.233333333	0
1	5	41	1	223	253	1.931	1.353	2.025	2.491	3.143	-44	40	72	84	120	32	44	12	0.266666667	0.366666667	0.1
1	5	41	41	253	300	1.58	1.319	2.106	2.587	4.111	-24	76	124	128	188	48	52	4	0.255319149	0.276595745	0.021276596
1	5	44	1	253	289	1.823	1.355	2.219	2.553	3.537	-36	36	80	92	144	44	56	12	0.305555556	0.388888889	0.083333333
1	5	46	41	254	290	1.62	1.264	1.987	2.772	3.899	-32	36	92	112	144	56	76	20	0.388888889	0.527777778	0.138888889
2	1	1	1	15	52	1.463	1.463	1.898	3.025	4.171	0	56	112	116	148	56	60	4	0.378378378	0.405405405	0.027027027
2	1	1	1	49	71	1.852	1.194	2.241	3.004	3.536	-48	20	52	40	88	32	20	-12	0.363636364	0.227272727	-0.136363636
2	1	1	1	71	94	1.889	1.635	2.219	2.448	3.465	-40	40	60	64	92	20	24	4	0.217391304	0.260869565	0.043478261
2	1	1	1	94	119	1.859	1.67	2.211	2.349	3.188	-12	48	60	60	100	12	12	0	0.12	0.12	0
2	1	1	1	120	151	1.824	1.628	2.33	2.399	3.121	-24	68	80	88	124	12	20	8	0.096774194	0.161290323	0.064516129
2	1	1	1	151	185	1.362	1.251	2.159	2.195	2.802	-16	72	80	96	136	8	24	16	0.058823529	0.176470588	0.117647059
2	1	1	1	185	230	1.441	1.42	1.884	2.473	3.206	-8	76	124	132	180	48	56	8	0.266666667	0.311111111	0.044444444
2	1	1	1	230	277	1.721	1.586	1.991	2.186	3.351	-24	60	108	128	188	48	68	20	0.255319149	0.361702128	0.106382979
2	1	2	2	18	48	1.421	1.151	1.822	2.049	2.886	-36	44	56	80	120	12	36	24	0.1	0.3	0.2
2	1	10	1	16	56	1.327	1.358	1.769	2.216	2.923	4	72	112	124	160	40	52	12	0.25	0.325	0.075
2	1	12	2	18	50	1.731	1.4	1.897	2.204	2.653	-36	48	84	92	128	36	44	8	0.28125	0.34375	0.0625
2	1	16	1	52	70	2.154	1.245	2.234	2.332	3.267	-64	4	36	48	72	32	44	12	0.444444444	0.611111111	0.166666667
2	1	16	16	70	97	1.568	1.245	2.334	2.514	3.185	-28	48	60	72	108	12	24	12	0.111111111	0.222222222	0.111111111
2	1	19	1	72	94	1.732	1.305	1.951	2.527	3.409	-44	32	52	60	88	20	28	8	0.227272727	0.318181818	0.090909091
2	1	19	19	94	115	1.723	1.174	1.922	2.419	3.076	-40	20	44	52	84	24	32	8	0.285714286	0.380952381	0.095238095
2	1	20	16	70	93	1.698	1.213	1.88	2.002	2.937	-36	32	52	56	92	20	24	4	0.217391304	0.260869565	0.043478261
2	1	21	19	94	120	1.686	1.228	1.789	2.047	3.38	-40	36	56	72	104	20	36	16	0.192307692	0.346153846	0.153846154
2	1	22	1	94	125	1.605	1.442	2.213	2.455	3.202	-12	56	84	92	124	28	36	8	0.225806452	0.290322581	0.064516129
2	1	22	22	125	159	1.56	1.421	2.141	2.482	3.331	-12	68	88	104	136	20	36	16	0.147058824	0.264705882	0.117647059
2	1	22	22	159	182	1.828	1.396	1.889	2.504	3.447	-40	24	56	68	92	32	44	12	0.347826087	0.47826087	0.130434783
2	1	27	1	118	152	1.309	1.206	2.054	2.054	2.653	-12	88	88	96	136	0	8	8	0	0.058823529	0.058823529
2	1	28	22	125	163	1.642	1.548	1.706	2.019	2.986	-12	80	104	112	152	24	32	8	0.157894737	0.210526316	0.052631579
2	1	29	1	151	189	1.76	1.487	1.928	2.153	3.252	-24	60	84	96	152	24	36	12	0.157894737	0.236842105	0.078947368
2	1	32	27	152	195	1.482	1.428	1.876	2.204	2.974	8	100	120	136	172	20	36	16	0.11627907	0.209302326	0.093023256
2	1	38	1	232	264	1.583	1.293	2.179	2.502	3.574	-44	48	64	84	128	16	36	20	0.125	0.28125	0.15625
2	2	1	1	45	81	1.964	1.547	2.303	2.601	4.011	-44	40	76	88	144	36	48	12	0.25	0.333333333	0.083333333
2	2	1	1	81	110	2.131	1.618	2.358	3.092	4	-40	12	68	72	116	56	60	4	0.482758621	0.517241379	0.034482759
2	2	1	1	110	135	2.204	1.616	2.486	2.66	3.241	-64	24	40	56	100	16	32	16	0.16	0.32	0.16
2	2	1	1	135	185	1.883	1.653	2.215	2.55	3.572	-40	72	132	152	200	60	80	20	0.3	0.4	0.1
2	2	2	2	37	62	1.814	1.259	2.018	2.312	3.453	-48	20	48	72	100	28	52	24	0.28	0.52	0.24
2	2	11	2	38	61	1.81	1.19	1.903	2.226	2.85	-56	16	48	52	92	32	36	4	0.347826087	0.391304348	0.043478261
2	2	13	1	42	76	1.754	1.515	2.279	2.662	3.837	-28	60	84	96	136	24	36	12	0.176470588	0.264705882	0.088235294
2	2	18	13	75	99	1.872	1.356	2.148	2.856	3.864	-48	16	60	68	96	44	52	8	0.458333333	0.541666667	0.083333333
2	2	19	1	82	109	2.023	1.553	2.424	2.981	4.178	-36	36	60	68	108	24	32	8	0.222222222	0.296296296	0.074074074
2	2	19	19	109	134	2.059	1.412	2.201	2.643	3.443	-56	16	48	60	100	32	44	12	0.32	0.44	0.12
2	2	19	19	134	165	1.861	1.452	2.215	2.558	3.891	-52	36	64	68	124	28	32	4	0.225806452	0.258064516	0.032258065
2	2	23	1	110	138	1.796	1.358	1.909	2.235	3.292	-52	20	56	64	112	36	44	8	0.321428571	0.392857143	0.071428571
2	2	23	23	140	175	1.606	1.252	1.755	2.425	3.36	-40	36	88	100	140	52	64	12	0.371428571	0.457142857	0.085714286
2	2	24	19	109	133	2.119	1.453	2.264	2.595	3.734	-56	20	40	52	96	20	32	12	0.208333333	0.333333333	0.125
2	2	27	1	135	178	1.358	1.267	2.05	2.574	3.7	-20	88	124	136	172	36	48	12	0.209302326	0.279069767	0.069767442
2	2	27	27	178	204	1.725	0.994	1.685	3.034	4.274	-76	-4	72	84	104	76	88	12	0.730769231	0.846153846	0.115384615
2	2	27	27	204	222	2.205	1.262	2.006	2.799	3.708	-76	-8	32	40	72	40	48	8	0.555555556	0.666666667	0.111111111
2	2	27	27	222	243	1.997	1.224	1.911	2.678	3.736	-64	-4	48	52	84	52	56	4	0.619047619	0.666666667	0.047619048
2	2	27	27	243	262	1.944	1.459	2.354	2.407	3.4	-32	32	40	48	76	8	16	8	0.105263158	0.210526316	0.105263158
2	2	28	23	137	165	1.759	1.328	2.24	2.705	3.638	-36	40	76	76	112	36	36	0	0.321428571	0.321428571	0
2	2	32	27	179	201	2.021	1.252	2.135	2.631	3.928	-68	8	40	48	88	32	40	8	0.363636364	0.454545455	0.090909091
2	2	36	36	222	239	2.154	1.21	2.172	2.737	3.603	-56	8	36	44	68	28	36	8	0.411764706	0.529411765	0.117647059
2	2	37	27	222	245	1.711	1.049	1.792	2.48	3.566	-64	4	48	52	92	44	48	4	0.47826087	0.52173913	0.043478261
2	2	41	27	243	264	1.792	1.317	2.657	2.78	3.809	-28	40	48	48	84	8	8	0	0.095238095	0.095238095	0
2	3	1	1	72	107	2.017	1.831	2.791	3.132	4.117	-16	56	96	92	140	40	36	-4	0.285714286	0.257142857	-0.028571429
2	3	1	1	107	139	2.215	1.771	2.54	2.677	3.841	-36	44	68	84	128	24	40	16	0.1875	0.3125	0.125
2	3	1	1	139	166	2.102	1.609	2.421	2.938	4.198	-44	32	64	72	108	32	40	8	0.296296296	0.37037037	0.074074074
2	3	1	1	166	187	2.258	1.487	2.258	2.776	3.674	-52	0	52	56	84	52	56	4	0.619047619	0.666666667	0.047619048
2	3	1	1	211	232	1.725	1.536	2.672	2.89	3.763	-32	32	52	56	84	20	24	4	0.238095238	0.285714286	0.047619048
2	3	2	2	42	59	2.267	1.357	2.062	3.065	3.689	-68	-16	36	36	68	52	52	0	0.764705882	0.764705882	0
2	3	2	2	59	76	1.888	1.262	2.141	2.922	3.529	-52	12	44	48	68	32	36	4	0.470588235	0.529411765	0.058823529
2	3	2	2	76	101	1.881	1.438	2.236	2.823	4.12	-32	32	56	68	100	24	36	12	0.24	0.36	0.12
2	3	2	2	102	118	2.215	1.421	2.215	2.822	3.177	-56	0	32	36	64	32	36	4	0.5	0.5625	0.0625
2	3	3	3	27	62	1.329	1.156	1.741	2.473	3.54	-28	48	96	100	140	48	52	4	0.342857143	0.371428571	0.028571429
2	3	14	2	41	60	1.972	1.158	1.771	2.564	3.268	-72	-16	48	52	76	64	68	4	0.842105263	0.894736842	0.052631579
2	3	14	14	60	82	1.861	1.252	1.934	2.88	4.281	-52	16	56	60	88	40	44	4	0.454545455	0.5	0.045454545
2	3	20	1	73	115	1.845	1.536	2.029	2.453	3.371	-28	52	92	104	168	40	52	12	0.238095238	0.30952381	0.071428571
2	3	20	20	117	158	1.638	1.27	1.877	2.871	3.614	-68	52	120	120	164	68	68	0	0.414634146	0.414634146	0
2	3	21	2	76	100	1.648	1.365	1.989	2.852	3.984	-24	32	68	76	96	36	44	8	0.375	0.458333333	0.083333333
2	3	24	2	101	116	1.918	1.257	2.316	2.658	3.519	-48	8	32	40	60	24	32	8	0.4	0.533333333	0.133333333
2	3	26	1	107	138	1.903	1.423	2.033	2.158	3.195	-44	48	64	72	124	16	24	8	0.129032258	0.193548387	0.064516129
2	3	26	26	138	175	1.594	1.262	2.093	2.621	3.456	-32	52	96	108	148	44	56	12	0.297297297	0.378378378	0.081081081
2	3	38	1	214	234	2.014	1.326	1.976	2.659	3.841	-60	4	44	52	80	40	48	8	0.5	0.6	0.1
2	3	40	38	234	258	1.783	1.395	1.803	2.423	3.323	-28	36	56	64	96	20	28	8	0.208333333	0.291666667	0.083333333
2	3	42	39	255	284	1.822	1.467	2.485	2.692	4.141	-24	60	80	88	116	20	28	8	0.172413793	0.24137931	0.068965517
2	4	1	1	28	70	1.99	1.447	2.159	2.99	4.227	-72	20	96	112	168	76	92	16	0.452380952	0.547619048	0.095238095
2	4	1	1	68	92	2.31	1.471	2.31	2.795	3.84	-88	0	48	60	96	48	60	12	0.5	0.625	0.125
2	4	1	1	92	119	2.049	1.491	2.195	2.939	4.115	-48	20	64	72	108	44	52	8	0.407407407	0.481481481	0.074074074
2	4	1	1	119	138	2.203	1.424	2.263	2.481	3.607	-60	8	28	52	76	20	44	24	0.263157895	0.578947368	0.315789474
2	4	1	1	138	160	2.034	1.506	2.379	2.527	3.331	-40	40	52	60	88	12	20	8	0.136363636	0.227272727	0.090909091
2	4	1	1	160	186	1.457	1.326	2.397	2.547	3.081	-12	60	76	84	104	16	24	8	0.153846154	0.230769231	0.076923077
2	4	1	1	215	253	1.853	1.705	2.283	2.946	3.347	-24	68	112	120	152	44	52	8	0.289473684	0.342105263	0.052631579
2	4	1	1	252	297	1.908	1.87	2.32	3.05	3.985	-8	92	140	144	180	48	52	4	0.266666667	0.288888889	0.022222222
2	4	2	2	49	80	1.831	1.395	1.942	2.278	3.202	-48	32	60	72	124	28	40	12	0.225806452	0.322580645	0.096774194
2	4	11	1	28	56	1.562	1.12	1.661	2.191	3.162	-76	12	68	76	112	56	64	8	0.5	0.571428571	0.071428571
2	4	11	11	56	105	1.562	1.147	1.593	2.284	3.111	-40	32	124	144	196	92	112	20	0.469387755	0.571428571	0.102040816
2	4	15	11	56	86	1.6	1.115	1.911	1.962	2.873	-40	48	56	68	120	8	20	12	0.066666667	0.166666667	0.1
2	4	19	1	93	125	1.865	1.327	1.791	2.824	3.913	-48	-4	80	92	128	84	96	12	0.65625	0.75	0.09375
2	4	23	1	119	139	1.912	1.236	1.89	2.474	3.242	-60	8	44	56	80	36	48	12	0.45	0.6	0.15
2	4	23	23	139	176	1.563	1.193	2.257	2.557	3.441	-36	52	80	88	148	28	36	8	0.189189189	0.243243243	0.054054054
2	4	24	19	125	149	1.865	1.134	1.751	2.765	3.711	-72	-12	64	68	96	76	80	4	0.791666667	0.833333333	0.041666667
2	4	25	1	138	173	1.573	1.311	1.991	2.199	3.796	-24	48	84	96	140	36	48	12	0.257142857	0.342857143	0.085714286
2	4	29	1	161	193	1.635	1.554	1.863	2.845	3.782	-24	40	88	96	128	48	56	8	0.375	0.4375	0.0625
2	4	30	25	174	202	1.915	1.088	1.913	2.744	4.244	-60	16	68	80	112	52	64	12	0.464285714	0.571428571	0.107142857
2	4	33	33	215	246	1.652	1.7	2.415	2.677	3.322	12	76	88	92	124	12	16	4	0.096774194	0.129032258	0.032258065
2	4	33	33	247	278	1.621	1.326	2.215	2.264	3.252	-40	56	64	76	124	8	20	12	0.064516129	0.161290323	0.096774194
2	4	38	33	217	247	1.702	1.58	2.695	2.806	3.518	-8	68	80	92	120	12	24	12	0.1	0.2	0.1
2	4	43	33	247	270	2.057	1.361	2.549	2.572	3.103	-44	36	52	60	92	16	24	8	0.173913043	0.260869565	0.086956522
2	4	43	43	270	300	1.54	1.518	2.049	2.479	3.282	-16	52	72	80	120	20	28	8	0.166666667	0.233333333	0.066666667
2	5	1	1	41	68	1.691	1.31	2.594	2.973	3.706	-32	60	80	80	108	20	20	0	0.185185185	0.185185185	0
2	5	1	1	127	156	1.885	1.458	2.298	2.341	3.446	-40	52	60	64	116	8	12	4	0.068965517	0.103448276	0.034482759
2	5	1	1	156	187	1.502	1.101	2.27	2.663	3.727	-32	40	84	84	124	44	44	0	0.35483871	0.35483871	0
2	5	1	1	215	238	1.899	1.567	2.648	2.724	3.538	-44	48	52	56	92	4	8	4	0.043478261	0.086956522	0.043478261
2	5	1	1	238	263	1.932	1.553	2.193	2.407	3.329	-36	36	60	64	100	24	28	4	0.24	0.28	0.04
2	5	1	1	264	294	1.929	1.676	2.37	2.467	3.472	-28	60	72	72	120	12	12	0	0.1	0.1	0
2	5	9	9	42	66	1.597	1.054	2.189	2.482	3.44	-44	32	52	52	96	20	20	0	0.208333333	0.208333333	0
