Pos	Channel	Cell	MothCell	BirthFr	DivFr	Lb	Lri	Lrt	Lc	Ld	Tri	Trt	Tn	Tc	Td	Tn-Trt	Tc-Trt	Tc-Tn	(Tn-Trt)/Td	(Tc-Trt)/ Td	(Tc-Tn)/ Td
1	2	1	1	34	72	1.348	1.24	1.833	2.185	3.289	-20	72	104	120	152	32	48	16	0.210526316	0.315789474	0.105263158
1	2	1	1	72	98	1.635	1.037	1.816	2.105	2.944	-52	24	56	80	104	32	56	24	0.307692308	0.538461538	0.230769231
1	2	1	1	98	137	1.487	1.457	2.256	2.029	2.429	12	120	100	120	156	-20	0	20	-0.128205128	0	0.128205128
1	2	2	2	27	59	1.514	1.552	2.252	2.289	2.907	4	72	76	96	128	4	24	20	0.03125	0.1875	0.15625
1	2	2	2	60	98	1.574	1.34	2.224	2.249	2.978	-20	84	88	108	152	4	24	20	0.026315789	0.157894737	0.131578947
1	2	3	3	45	75	1.551	1.446	1.907	2.217	3.082	-16	40	72	92	120	32	52	20	0.266666667	0.433333333	0.166666667
1	2	12	2	27	59	1.345	1.292	2.325	2.283	2.908	-8	88	84	100	128	-4	12	16	-0.03125	0.09375	0.125
1	2	14	1	32	76	1.526	1.453	2.203	2.537	3.455	-8	88	120	140	176	32	52	20	0.181818182	0.295454545	0.113636364
1	2	14	14	76	109	1.674	1.238	1.941	2.237	2.861	-60	24	68	96	132	44	72	28	0.333333333	0.545454545	0.212121212
1	2	20	2	60	88	1.414	1.321	2.019	2.126	2.761	-24	52	64	88	112	12	36	24	0.107142857	0.321428571	0.214285714
1	2	21	1	71	108	1.57	1.093	1.766	2.488	2.936	-44	20	116	112	148	96	92	-4	0.648648649	0.621621622	-0.027027027
1	2	22	14	76	102	1.781	1.238	1.982	2.341	3.026	-60	16	52	84	104	36	68	32	0.346153846	0.653846154	0.307692308
1	2	22	22	102	130	1.51	1.621	2.341	2.501	3.271	8	68	76	88	112	8	20	12	0.071428571	0.178571429	0.107142857
1	3	2	2	19	69	1.253	1.284	1.684	2.092	2.873	12	84	148	160	200	64	76	12	0.32	0.38	0.06
1	3	2	2	70	96	1.358	1.142	1.825	1.989	2.469	-44	40	56	72	104	16	32	16	0.153846154	0.307692308	0.153846154
1	3	10	10	74	108	1.708	1.228	1.941	2.438	3.144	-60	32	76	112	136	44	80	36	0.323529412	0.588235294	0.264705882
1	3	13	2	19	66	1.304	1.383	1.969	2.456	3.447	12	84	136	156	188	52	72	20	0.276595745	0.382978723	0.106382979
1	3	13	13	65	91	1.72	1.201	1.946	2.397	3.309	-52	20	64	76	104	44	56	12	0.423076923	0.538461538	0.115384615
1	3	18	13	66	90	1.722	1.155	1.84	2.153	3.075	-60	12	36	68	96	24	56	32	0.25	0.583333333	0.333333333
1	3	19	2	70	102	1.586	1.205	1.921	2.329	2.909	-36	32	76	104	128	44	72	28	0.34375	0.5625	0.21875
1	3	20	10	74	114	1.544	1.228	1.69	2.105	2.921	-60	28	84	100	160	56	72	16	0.35	0.45	0.1
1	3	25	10	109	136	1.625	1.464	1.95	2.142	2.776	-40	40	56	72	108	16	32	16	0.148148148	0.296296296	0.148148148
1	4	2	2	39	119	1.663	1.693	2.334	2.564	3.894	4	136	188	248	320	52	112	60	0.1625	0.35	0.1875
1	4	3	3	38	88	1.599	1.536	2.401	2.583	3.362	-8	116	132	168	200	16	52	36	0.08	0.26	0.18
1	4	3	3	87	135	1.688	1.542	2.286	3.149	4.267	-16	76	152	168	192	76	92	16	0.395833333	0.479166667	0.083333333
1	4	4	4	11	66	1.578	1.485	2.008	2.25	3.138	-12	80	124	180	220	44	100	56	0.2	0.454545455	0.254545455
1	4	9	4	11	59	1.676	1.512	2.177	2.314	3.233	-20	84	100	144	192	16	60	44	0.083333333	0.3125	0.229166667
1	4	15	2	40	108	1.559	1.682	2.617	2.77	4.062	16	156	184	236	272	28	80	52	0.102941176	0.294117647	0.191176471
1	4	18	3	87	122	1.587	1.479	2.123	2.7	3.671	-28	56	100	104	140	44	48	4	0.314285714	0.342857143	0.028571429
2	1	2	2	14	53	1.344	1.574	2.375	2.28	2.808	40	120	112	124	156	-8	4	12	-0.051282051	0.025641026	0.076923077
2	1	2	2	53	102	1.416	1.667	2.634	2.609	3.3	32	140	136	156	196	-4	16	20	-0.020408163	0.081632653	0.102040816
2	1	11	2	14	54	1.349	1.548	2.456	2.544	3.041	48	128	132	136	160	4	8	4	0.025	0.05	0.025
2	1	11	11	54	91	1.405	1.438	2.233	2.368	2.953	8	96	108	128	148	12	32	20	0.081081081	0.216216216	0.135135135
2	1	13	1	29	113	1.431	1.778	2.557	2.545	3.558	96	236	232	272	336	-4	36	40	-0.011904762	0.107142857	0.119047619
2	1	15	2	53	98	1.392	1.464	2.521	2.312	3.038	16	132	116	140	180	-16	8	24	-0.088888889	0.044444444	0.133333333
2	1	16	11	54	83	1.636	1.849	2.542	2.685	3.202	16	72	80	92	116	8	20	12	0.068965517	0.172413793	0.103448276
2	2	3	3	29	90	1.498	1.762	2.352	2.448	3.341	92	164	176	200	244	12	36	24	0.049180328	0.147540984	0.098360656
2	2	3	3	89	124	1.72	1.634	2.373	2.756	3.505	-8	64	96	104	140	32	40	8	0.228571429	0.285714286	0.057142857
2	2	4	4	25	53	1.525	1.466	2.053	2.859	3.622	-24	44	76	84	112	32	40	8	0.285714286	0.357142857	0.071428571
2	2	8	3	29	90	1.324	1.556	2.36	2.529	3.51	68	172	192	216	244	20	44	24	0.081967213	0.180327869	0.098360656
2	2	11	3	90	127	1.59	1.529	1.978	2.169	3.119	-8	64	88	104	148	24	40	16	0.162162162	0.27027027	0.108108108
2	4	1	1	17	46	1.726	1.522	2.347	2.481	3.2	-20	60	72	80	116	12	20	8	0.103448276	0.172413793	0.068965517
2	4	1	1	46	82	1.533	1.533	2.342	2.256	2.879	0	96	88	104	144	-8	8	16	-0.055555556	0.055555556	0.111111111
2	4	2	2	6	37	1.492	1.549	2.232	2.282	2.871	16	80	88	100	124	8	20	12	0.064516129	0.161290323	0.096774194
2	4	2	2	38	73	1.459	1.735	2.547	2.894	3.232	32	96	112	112	140	16	16	0	0.114285714	0.114285714	0
2	4	8	2	6	39	1.666	1.849	2.722	2.631	3.297	24	96	92	108	132	-4	12	16	-0.03030303	0.090909091	0.121212121
2	4	13	1	17	42	1.717	1.554	2.43	2.387	3.136	-16	56	52	72	100	-4	16	20	-0.04	0.16	0.2
2	4	13	13	42	79	1.54	1.54	2.366	2.34	3.3	0	96	84	108	148	-12	12	24	-0.081081081	0.081081081	0.162162162
2	4	13	13	79	111	1.632	1.541	2.24	2.422	3.012	-8	64	80	96	128	16	32	16	0.125	0.25	0.125
2	4	16	13	42	69	1.597	1.611	2.358	2.353	3.027	-4	68	64	76	108	-4	8	12	-0.037037037	0.074074074	0.111111111
2	4	16	16	69	109	1.514	1.665	2.509	2.682	3.345	28	108	116	132	160	8	24	16	0.05	0.15	0.1
2	4	17	1	46	83	1.667	1.651	2.472	2.609	3.085	-4	92	108	120	148	16	28	12	0.108108108	0.189189189	0.081081081
2	4	20	13	79	107	1.668	1.632	2.312	2.573	3.404	-4	56	72	80	112	16	24	8	0.142857143	0.214285714	0.071428571
2	4	22	1	82	128	1.422	1.532	2.244	2.359	2.946	44	128	136	148	184	8	20	12	0.043478261	0.108695652	0.065217391
2	4	23	17	83	136	1.544	1.609	2.331	2.588	3.357	4	132	148	172	212	16	40	24	0.075471698	0.188679245	0.113207547
2	5	1	1	23	96	1.46	1.624	2.503	2.617	3.51	28	200	220	228	292	20	28	8	0.068493151	0.095890411	0.02739726
2	5	1	1	96	132	1.87	1.437	2.173	2.331	3.176	-44	44	64	80	144	20	36	16	0.138888889	0.25	0.111111111
3	1	1	1	37	109	1.564	1.799	2.412	2.562	3.423	88	212	228	248	288	16	36	20	0.055555556	0.125	0.069444444
3	1	2	2	26	91	1.529	1.588	2.038	2.309	3.168	4	112	160	204	260	48	92	44	0.184615385	0.353846154	0.169230769
3	1	2	2	91	129	1.483	1.482	2.147	2.512	3.195	8	84	112	120	152	28	36	8	0.184210526	0.236842105	0.052631579
3	1	3	3	5	40	1.606	1.59	2.184	2.407	2.967	-4	84	100	108	140	16	24	8	0.114285714	0.171428571	0.057142857
3	1	3	3	41	88	1.606	1.648	2.271	2.72	3.184	20	96	144	168	188	48	72	24	0.255319149	0.382978723	0.127659574
3	1	4	4	5	40	1.824	1.679	2.363	2.611	3.003	-16	80	100	108	140	20	28	8	0.142857143	0.2	0.057142857
3	1	8	3	5	43	1.626	1.626	2.306	2.527	3.069	0	84	100	112	152	16	28	12	0.105263158	0.184210526	0.078947368
3	1	12	2	26	87	1.648	1.804	2.185	2.41	2.987	20	112	164	188	244	52	76	24	0.213114754	0.31147541	0.098360656
3	1	13	1	37	105	1.421	1.681	2.311	2.68	3.705	96	192	220	228	272	28	36	8	0.102941176	0.132352941	0.029411765
3	1	13	13	105	130	1.763	1.379	1.951	2.48	3.016	-48	16	56	60	100	40	44	4	0.4	0.44	0.04
3	1	16	3	40	76	1.398	1.488	2.151	2.427	2.876	20	84	104	124	144	20	40	20	0.138888889	0.277777778	0.138888889
3	1	25	13	105	131	1.942	1.42	2.079	2.457	3.213	-44	20	48	76	104	28	56	28	0.269230769	0.538461538	0.269230769
3	2	1	1	23	76	1.467	1.349	1.883	2.527	3.614	-12	64	148	176	212	84	112	28	0.396226415	0.528301887	0.132075472
3	2	1	1	77	96	1.849	1.235	2.011	2.253	2.866	-72	12	32	40	76	20	28	8	0.263157895	0.368421053	0.105263158
3	2	1	1	96	136	1.36	1.533	2.095	2.184	2.734	20	100	108	120	160	8	20	12	0.05	0.125	0.075
3	2	2	2	13	70	1.547	1.598	2.505	2.581	3.797	4	116	124	160	228	8	44	36	0.035087719	0.192982456	0.157894737
3	2	3	3	26	64	1.564	1.313	2.079	2.33	2.991	-32	72	100	128	152	28	56	28	0.184210526	0.368421053	0.184210526
3	2	4	4	18	55	1.586	1.495	2.423	2.423	3.385	-16	96	96	112	148	0	16	16	0	0.108108108	0.108108108
3	2	11	2	12	58	1.424	1.375	2.119	2.166	2.956	-4	120	128	144	184	8	24	16	0.043478261	0.130434783	0.086956522
3	2	13	13	82	99	2.075	1.29	2.075	2.617	3.184	-80	0	36	44	68	36	44	8	0.529411765	0.647058824	0.117647059
3	2	13	13	100	130	1.605	1.269	2.209	2.325	2.833	-40	64	76	80	120	12	16	4	0.1	0.133333333	0.033333333
3	2	20	1	77	102	1.884	1.182	1.884	2.303	3.149	-80	0	44	68	100	44	68	24	0.44	0.68	0.24
3	2	21	13	82	108	1.979	1.312	1.881	2.956	3.861	-76	-8	68	76	104	76	84	8	0.730769231	0.807692308	0.076923077
3	2	22	1	96	134	1.506	1.659	2.431	2.644	3.155	16	96	108	104	152	12	8	-4	0.078947368	0.052631579	-0.026315789
3	2	23	13	99	127	1.645	1.308	2.136	2.369	3.032	-32	48	68	92	112	20	44	24	0.178571429	0.392857143	0.214285714
3	3	1	1	59	94	2.145	1.319	1.765	2.475	3.481	-132	-48	48	84	140	96	132	36	0.685714286	0.942857143	0.257142857
3	3	1	1	96	127	1.871	1.284	1.85	2.691	3.608	-88	-4	80	88	124	84	92	8	0.677419355	0.741935484	0.064516129
3	3	3	3	51	91	1.634	1.551	2.325	2.381	3.044	-8	96	104	116	160	8	20	12	0.05	0.125	0.075
3	3	4	4	32	61	1.598	1.509	2.379	2.574	3.322	-8	68	80	92	116	12	24	12	0.103448276	0.206896552	0.103448276
3	3	19	1	95	132	1.669	1.354	1.776	2.611	3.881	-72	16	92	120	148	76	104	28	0.513513514	0.702702703	0.189189189
3	4	2	2	36	71	1.834	1.39	1.973	2.396	3.221	-60	20	84	92	140	64	72	8	0.457142857	0.514285714	0.057142857
3	4	2	2	71	100	1.661	1.361	2.122	2.217	2.852	-28	48	60	80	116	12	32	20	0.103448276	0.275862069	0.172413793
3	4	3	3	16	54	1.61	1.61	2.397	2.535	3.322	0	104	112	116	152	8	12	4	0.052631579	0.078947368	0.026315789
3	4	14	2	35	66	1.724	1.429	1.849	2.109	2.847	-48	20	56	76	124	36	56	20	0.290322581	0.451612903	0.161290323
3	4	17	13	63	123	1.564	1.643	2.279	2.465	3.192	8	116	156	172	240	40	56	16	0.166666667	0.233333333	0.066666667
3	4	20	2	72	107	1.605	1.389	1.96	2.393	3.333	-28	40	84	108	140	44	68	24	0.314285714	0.485714286	0.171428571
3	5	1	1	10	42	1.62	1.437	2.189	2.371	2.844	-20	68	84	88	128	16	20	4	0.125	0.15625	0.03125
3	5	1	1	42	85	1.434	1.46	2.107	2.079	2.911	8	104	100	124	172	-4	20	24	-0.023255814	0.11627907	0.139534884
3	5	1	1	85	135	1.524	1.688	2.284	2.476	3.08	24	116	136	148	200	20	32	12	0.1	0.16	0.06
3	5	2	2	42	78	1.692	1.477	2.178	2.482	3.455	-32	60	84	92	144	24	32	8	0.166666667	0.222222222	0.055555556
3	5	10	1	10	45	1.609	1.505	2.186	2.544	3.18	-16	68	96	104	140	28	36	8	0.2	0.257142857	0.057142857
3	5	10	10	45	80	1.713	1.713	2.914	2.818	3.762	0	100	92	112	140	-8	12	20	-0.057142857	0.085714286	0.142857143
3	5	10	10	81	113	1.904	1.769	2.598	2.728	3.516	-12	64	76	92	128	12	28	16	0.09375	0.21875	0.125
3	5	15	1	42	87	1.41	1.623	2.337	2.472	3.132	48	124	132	140	180	8	16	8	0.044444444	0.088888889	0.044444444
3	5	15	15	87	122	1.462	1.441	2.202	2.171	2.911	-4	88	84	100	140	-4	12	16	-0.028571429	0.085714286	0.114285714
3	5	16	10	45	75	1.467	1.467	2.326	2.18	2.864	0	88	80	88	120	-8	0	8	-0.066666667	0	0.066666667
3	5	16	16	75	111	1.451	1.57	2.462	2.537	3.211	20	96	104	112	144	8	16	8	0.055555556	0.111111111	0.055555556
3	5	21	10	81	115	1.944	1.717	2.584	2.657	3.36	-16	76	80	108	136	4	32	28	0.029411765	0.235294118	0.205882353
3	5	24	15	87	128	1.671	1.666	2.527	2.655	3.22	-4	108	116	124	164	8	16	8	0.048780488	0.097560976	0.048780488
4	1	1	1	19	64	1.429	1.55	2.01	2.515	3.345	20	80	136	136	180	56	56	0	0.311111111	0.311111111	0
4	1	2	2	8	35	1.729	1.729	2.564	2.676	3.232	0	64	72	84	108	8	20	12	0.074074074	0.185185185	0.111111111
4	1	2	2	35	63	1.634	1.592	2.57	2.756	3.095	-4	76	84	84	112	8	8	0	0.071428571	0.071428571	0
4	1	2	2	63	110	1.571	1.845	2.949	2.949	3.539	28	136	136	140	188	0	4	4	0	0.021276596	0.021276596
4	1	10	2	7	38	1.535	1.508	2.206	2.35	2.885	4	80	88	100	124	8	20	12	0.064516129	0.161290323	0.096774194
4	1	11	1	21	55	1.566	1.669	2.451	2.599	3.24	20	84	96	112	136	12	28	16	0.088235294	0.205882353	0.117647059
4	1	11	11	55	89	1.59	1.59	2.399	2.403	2.958	4	96	92	104	136	-4	8	12	-0.029411765	0.058823529	0.088235294
4	1	15	2	35	71	1.598	1.598	2.297	2.678	3.31	0	80	112	116	144	32	36	4	0.222222222	0.25	0.027777778
4	1	17	11	55	91	1.651	1.685	2.372	2.662	3.103	12	84	108	128	144	24	44	20	0.166666667	0.305555556	0.138888889
4	1	18	1	64	96	1.856	1.766	2.481	2.695	3.104	-8	76	88	88	128	12	12	0	0.09375	0.09375	0
4	1	18	18	96	131	1.543	1.543	2.326	2.716	3.279	0	84	104	108	140	20	24	4	0.142857143	0.171428571	0.028571429
4	1	19	2	63	96	1.523	1.687	3.068	2.977	3.686	24	112	108	108	132	-4	-4	0	-0.03030303	-0.03030303	0
4	1	21	11	89	130	1.511	1.688	2.523	2.445	3.356	24	120	112	136	164	-8	16	24	-0.048780488	0.097560976	0.146341463
4	2	3	3	80	99	1.87	1.327	2.351	2.476	3.218	-48	32	40	52	76	8	20	12	0.105263158	0.263157895	0.157894737
4	3	1	1	77	120	1.711	1.418	2.035	2.54	3.281	-76	48	100	104	172	52	56	4	0.302325581	0.325581395	0.023255814
4	3	2	2	88	109	2.227	1.45	2.141	2.572	3.35	-96	-20	24	40	84	44	60	16	0.523809524	0.714285714	0.19047619
4	3	3	3	26	93	1.441	1.529	2.087	2.478	3.437	16	136	180	220	268	44	84	40	0.164179104	0.313432836	0.149253731
4	3	15	1	76	112	1.827	1.399	2.072	2.439	3.523	-80	28	76	100	144	48	72	24	0.333333333	0.5	0.166666667
4	5	1	1	21	59	1.325	1.29	1.896	2.051	2.893	-12	92	104	116	152	12	24	12	0.078947368	0.157894737	0.078947368
4	5	1	1	59	88	1.481	1.481	2.221	2.301	2.918	0	68	76	80	116	8	12	4	0.068965517	0.103448276	0.034482759
4	5	1	1	88	120	1.376	1.299	2.167	2.348	2.952	-8	80	88	96	128	8	16	8	0.0625	0.125	0.0625
4	5	2	2	22	71	1.675	1.353	1.853	2.325	3.318	-56	32	100	136	196	68	104	36	0.346938776	0.530612245	0.183673469
4	5	4	4	12	49	1.482	1.355	1.819	1.97	2.746	-28	52	72	112	148	20	60	40	0.135135135	0.405405405	0.27027027
4	5	10	4	12	43	1.647	1.328	2.104	2.258	3.129	-32	52	72	96	124	20	44	24	0.161290323	0.35483871	0.193548387
4	5	11	1	21	67	1.392	1.416	1.958	2.283	3.013	-4	100	132	140	184	32	40	8	0.173913043	0.217391304	0.043478261
4	5	11	11	67	108	1.446	1.293	1.962	2.032	2.913	-16	80	88	116	164	8	36	28	0.048780488	0.219512195	0.170731707
4	5	16	16	88	114	1.379	1.249	2.151	1.898	2.835	-20	72	60	76	104	-12	4	16	-0.115384615	0.038461538	0.153846154
4	5	19	11	67	98	1.567	1.48	1.999	2.034	2.661	-12	60	64	96	124	4	36	32	0.032258065	0.290322581	0.258064516
4	5	22	1	88	116	1.542	1.474	2.188	2.377	3.237	-8	64	72	80	112	8	16	8	0.071428571	0.142857143	0.071428571
4	5	23	16	88	115	1.529	1.249	1.874	2.204	2.812	-20	44	68	76	108	24	32	8	0.222222222	0.296296296	0.074074074
5	2	1	1	48	74	1.713	1.482	2.088	2.511	3.086	-24	36	68	80	104	32	44	12	0.307692308	0.423076923	0.115384615
5	2	1	1	75	107	1.567	1.473	2.333	2.673	3.229	-8	72	92	92	128	20	20	0	0.15625	0.15625	0
5	2	2	2	48	110	1.704	1.592	2.32	2.697	4.065	-16	96	160	200	248	64	104	40	0.258064516	0.419354839	0.161290323
5	2	14	3	33	75	1.541	1.375	2.059	2.563	3.689	-8	84	124	128	168	40	44	4	0.238095238	0.261904762	0.023809524
5	2	15	2	48	89	1.648	1.491	2.014	2.365	3.212	-24	56	100	132	164	44	76	32	0.268292683	0.463414634	0.195121951
5	2	16	1	49	72	1.758	1.456	2.001	2.19	2.973	-32	28	44	60	92	16	32	16	0.173913043	0.347826087	0.173913043
5	2	16	16	72	106	1.473	1.578	2.457	2.457	3.284	20	92	92	104	136	0	12	12	0	0.088235294	0.088235294
5	2	17	16	72	111	1.499	1.543	2.477	2.627	3.233	12	108	116	128	156	8	20	12	0.051282051	0.128205128	0.076923077
5	2	20	1	75	104	1.578	1.543	2.272	2.462	3.06	-8	64	76	84	116	12	20	8	0.103448276	0.172413793	0.068965517
5	3	1	1	96	130	1.698	1.378	1.882	2.411	3.175	-40	28	80	100	136	52	72	20	0.382352941	0.529411765	0.147058824
5	3	2	2	46	74	1.216	1.372	1.928	2.176	2.644	-8	68	76	84	112	8	16	8	0.071428571	0.142857143	0.071428571
5	3	2	2	76	111	1.439	1.55	2.672	2.672	3.413	12	104	104	108	140	0	4	4	0	0.028571429	0.028571429
5	3	11	11	43	93	1.078	1.183	2.008	2.413	3.249	16	116	148	160	200	32	44	12	0.16	0.22	0.06
5	3	17	2	46	75	1.712	1.388	1.91	2.12	2.966	-4	64	72	84	116	8	20	12	0.068965517	0.172413793	0.103448276
5	3	17	17	73	114	1.452	1.482	2.122	2.122	2.902	20	100	104	144	164	4	44	40	0.024390244	0.268292683	0.243902439
5	3	18	1	59	103	1.77	1.405	1.759	2.613	3.567	-80	8	108	132	176	100	124	24	0.568181818	0.704545455	0.136363636
5	3	19	2	75	119	1.261	1.621	2.473	2.448	3.059	44	132	128	140	176	-4	8	12	-0.022727273	0.045454545	0.068181818
5	3	23	18	103	134	1.876	1.199	1.933	2.473	3.134	-84	4	68	96	124	64	92	28	0.516129032	0.741935484	0.225806452
5	4	1	1	48	80	1.523	1.499	2.161	2.119	2.823	-20	80	76	96	128	-4	16	20	-0.03125	0.125	0.15625
5	4	1	1	80	130	1.451	1.555	2.469	2.493	3.017	16	140	144	172	200	4	32	28	0.02	0.16	0.14
5	4	2	2	39	68	1.828	1.6	2.316	2.767	3.384	-24	40	72	84	116	32	44	12	0.275862069	0.379310345	0.103448276
5	4	2	2	68	104	1.772	1.507	2.535	2.535	3.503	-20	80	80	108	144	0	28	28	0	0.194444444	0.194444444
5	4	2	2	103	134	1.657	1.609	2.364	2.703	3.623	-12	60	84	96	124	24	36	12	0.193548387	0.290322581	0.096774194
5	4	3	3	34	62	1.727	1.727	2.455	2.471	3.169	0	68	72	92	112	4	24	20	0.035714286	0.214285714	0.178571429
5	4	14	3	34	65	1.591	1.566	2.266	2.347	3.101	-8	60	76	92	124	16	32	16	0.129032258	0.258064516	0.129032258
5	4	15	2	39	61	1.807	1.483	2.234	2.56	3.112	-36	32	48	64	88	16	32	16	0.181818182	0.363636364	0.181818182
5	4	15	15	62	101	1.525	1.501	2.355	2.355	3.209	-12	96	96	116	156	0	20	20	0	0.128205128	0.128205128
5	4	16	1	48	84	1.913	1.563	2.35	2.643	3.365	-12	60	88	104	144	28	44	16	0.194444444	0.305555556	0.111111111
5	4	16	16	84	122	1.743	1.559	2.342	2.547	3.025	-16	80	100	120	152	20	40	20	0.131578947	0.263157895	0.131578947
5	4	18	15	61	89	1.605	1.613	2.367	2.664	3.296	-4	72	88	88	112	16	16	0	0.142857143	0.142857143	0
5	4	21	1	79	123	1.336	1.417	2.182	2.295	2.749	8	116	128	152	176	12	36	24	0.068181818	0.204545455	0.136363636
5	4	22	16	84	116	1.622	1.542	2.234	2.321	3.051	-20	64	80	100	128	16	36	20	0.125	0.28125	0.15625
5	5	2	2	28	56	1.72	1.302	2.129	2.474	3.005	-44	32	72	80	112	40	48	8	0.357142857	0.428571429	0.071428571
5	5	2	2	57	92	1.604	1.278	1.974	2.214	2.784	-36	52	84	104	140	32	52	20	0.228571429	0.371428571	0.142857143
5	5	3	3	38	73	1.769	1.901	2.736	2.543	3.305	24	100	88	112	140	-12	12	24	-0.085714286	0.085714286	0.171428571
5	5	10	2	29	53	1.783	1.256	2.109	2.279	3.253	-56	24	40	60	96	16	36	20	0.166666667	0.375	0.208333333
5	5	14	10	53	79	1.706	1.36	2.293	2.293	3.122	-24	48	48	84	104	0	36	36	0	0.346153846	0.346153846
5	5	15	2	57	94	1.48	1.259	1.847	2.133	2.576	-40	56	100	116	148	44	60	16	0.297297297	0.405405405	0.108108108
6	1	1	1	10	82	1.408	1.676	2.55	2.95	3.777	84	192	232	228	288	40	36	-4	0.138888889	0.125	-0.013888889
6	1	1	1	82	106	1.889	1.519	2.163	2.296	3.025	-48	32	40	52	96	8	20	12	0.083333333	0.208333333	0.125
6	1	2	2	44	65	1.951	1.548	2.276	2.594	3.161	-36	28	48	48	84	20	20	0	0.238095238	0.238095238	0
6	1	2	2	65	98	1.586	1.554	2.352	2.352	3.028	-4	84	84	100	132	0	16	16	0	0.121212121	0.121212121
6	1	11	1	10	75	1.402	1.63	2.385	2.503	3.05	72	180	200	216	260	20	36	16	0.076923077	0.138461538	0.061538462
6	1	16	2	44	66	1.946	1.579	2.308	2.654	3.356	-32	28	52	56	88	24	28	4	0.272727273	0.318181818	0.045454545
6	1	18	2	65	95	1.575	1.55	2.705	2.611	3.218	-4	88	84	92	120	-4	4	8	-0.033333333	0.033333333	0.066666667
6	1	20	11	76	128	1.568	1.767	2.439	2.892	3.399	36	136	172	180	208	36	44	8	0.173076923	0.211538462	0.038461538
6	1	21	1	82	103	1.889	1.547	2.269	2.269	2.846	-44	36	36	60	84	0	24	24	0	0.285714286	0.285714286
6	2	2	2	53	89	1.716	1.838	2.536	2.758	3.239	12	100	112	108	144	12	8	-4	0.083333333	0.055555556	-0.027777778
6	2	2	2	89	121	1.639	1.51	2.506	2.453	3.069	-16	88	84	84	128	-4	-4	0	-0.03125	-0.03125	0
6	2	3	3	27	92	1.523	1.736	2.611	2.933	3.529	56	168	200	208	260	32	40	8	0.123076923	0.153846154	0.030769231
6	2	4	4	32	76	1.462	1.742	2.534	2.586	3.402	44	120	128	136	176	8	16	8	0.045454545	0.090909091	0.045454545
6	2	13	3	27	67	1.448	1.597	2.582	2.354	3.1	36	124	112	128	160	-12	4	16	-0.075	0.025	0.1
6	2	17	2	53	85	1.573	1.617	2.284	2.702	3.318	8	76	100	96	128	24	20	-4	0.1875	0.15625	-0.03125
6	2	17	17	85	114	1.676	1.571	2.421	2.535	3.286	-8	64	72	88	116	8	24	16	0.068965517	0.206896552	0.137931034
6	2	21	17	85	112	1.642	1.603	2.27	2.63	3.115	-4	56	76	76	108	20	20	0	0.185185185	0.185185185	0
6	2	22	1	89	127	1.74	1.63	2.471	2.48	3.139	-12	84	88	96	152	4	12	8	0.026315789	0.078947368	0.052631579
6	2	23	2	89	123	1.601	1.549	2.369	2.47	3.357	-8	80	88	100	136	8	20	12	0.058823529	0.147058824	0.088235294
6	3	2	2	78	114	2.305	1.458	2.281	2.768	3.484	-88	-4	76	88	144	80	92	12	0.555555556	0.638888889	0.083333333
6	3	3	3	16	43	1.728	1.175	2.038	2.385	3.296	-60	32	60	80	108	28	48	20	0.259259259	0.444444444	0.185185185
6	3	6	2	21	68	1.462	1.628	2.02	2.237	3.344	36	100	124	148	188	24	48	24	0.127659574	0.255319149	0.127659574
6	3	6	6	69	97	1.709	1.232	1.963	2.199	3.068	-52	24	52	80	112	28	56	28	0.25	0.5	0.25
6	3	9	9	104	134	1.516	1.337	1.857	2.284	3.171	-24	36	72	72	120	36	36	0	0.3	0.3	0
6	4	1	1	50	81	1.974	1.323	1.992	2.668	3.281	-60	4	80	84	124	76	80	4	0.612903226	0.64516129	0.032258065
6	4	1	1	81	120	1.605	1.435	2.11	2.2	2.819	-24	92	104	120	156	12	28	16	0.076923077	0.179487179	0.102564103
6	4	2	2	38	91	1.543	1.544	2.201	2.288	3.092	12	112	136	152	212	24	40	16	0.113207547	0.188679245	0.075471698
6	4	2	2	91	134	1.59	1.515	2.05	2.3	3.366	-12	76	108	128	172	32	52	20	0.186046512	0.302325581	0.11627907
6	4	3	3	18	53	1.569	1.616	2.227	2.276	2.955	16	88	92	116	140	4	28	24	0.028571429	0.2	0.171428571
6	4	3	3	53	97	1.542	1.848	2.413	2.982	3.828	40	108	140	152	176	32	44	12	0.181818182	0.25	0.068181818
6	4	4	4	9	37	1.595	1.522	2.371	2.517	3.122	-8	64	76	88	112	12	24	12	0.107142857	0.214285714	0.107142857
6	4	10	4	9	42	1.633	1.576	2.277	2.832	3.364	-8	60	104	100	132	44	40	-4	0.333333333	0.303030303	-0.03030303
6	4	16	1	50	87	1.729	1.301	1.848	2.399	2.938	-64	12	96	104	148	84	92	8	0.567567568	0.621621622	0.054054054
6	4	16	16	86	122	1.446	1.352	2.077	2.309	3.273	-24	72	96	116	144	24	44	20	0.166666667	0.305555556	0.138888889
6	4	19	1	81	130	1.675	1.408	2.265	2.611	3.488	-28	104	140	152	196	36	48	12	0.183673469	0.244897959	0.06122449
6	4	20	16	86	125	1.446	1.383	1.984	2.195	2.892	-20	76	104	128	156	28	52	24	0.179487179	0.333333333	0.153846154
7	3	2	2	20	56	1.513	1.513	2.103	2.514	3.04	0	80	108	124	144	28	44	16	0.194444444	0.305555556	0.111111111
7	3	2	2	56	96	1.559	1.763	2.627	2.627	3.039	28	120	120	136	160	0	16	16	0	0.1	0.1
7	3	3	3	31	54	1.735	1.288	1.912	2.127	2.994	-56	16	36	56	92	20	40	20	0.217391304	0.434782609	0.217391304
7	3	11	1	25	87	1.589	1.681	2.093	2.379	3.146	28	120	172	196	248	52	76	24	0.209677419	0.306451613	0.096774194
7	3	13	3	33	55	1.821	1.299	1.94	2.21	2.847	-60	12	44	60	88	32	48	16	0.363636364	0.545454545	0.181818182
7	3	16	2	57	107	1.5	1.725	2.237	2.622	3.43	28	92	128	140	200	36	48	12	0.18	0.24	0.06
7	4	1	1	25	51	1.801	1.381	2.095	2.509	3.136	-32	28	60	64	104	32	36	4	0.307692308	0.346153846	0.038461538
7	4	1	1	51	97	1.65	1.861	2.541	2.733	3.842	16	92	120	128	184	28	36	8	0.152173913	0.195652174	0.043478261
7	4	1	1	97	127	2.007	1.471	2.351	2.776	3.825	-48	32	68	72	120	36	40	4	0.3	0.333333333	0.033333333
7	4	12	1	25	46	1.658	1.341	2.132	2.31	3.092	-36	36	48	60	84	12	24	12	0.142857143	0.285714286	0.142857143
7	4	12	12	46	70	1.539	1.41	2.427	2.134	2.774	-8	72	60	68	96	-12	-4	8	-0.125	-0.041666667	0.083333333
7	4	12	12	70	98	1.383	1.496	2.24	2.289	3.199	12	72	76	84	112	4	12	8	0.035714286	0.107142857	0.071428571
7	4	12	12	99	129	1.582	1.469	2.381	2.897	3.652	-16	68	84	92	120	16	24	8	0.133333333	0.2	0.066666667
7	4	16	12	46	70	1.554	1.519	2.354	2.293	2.82	-4	64	60	68	96	-4	4	8	-0.041666667	0.041666667	0.083333333
7	4	17	1	51	87	1.487	1.458	2.294	2.477	3.06	-4	80	92	104	144	12	24	12	0.083333333	0.166666667	0.083333333
7	4	17	17	87	136	1.462	1.689	2.564	2.762	4.017	24	120	140	160	196	20	40	20	0.102040816	0.204081633	0.102040816
7	4	19	12	70	98	1.391	1.507	2.257	2.549	3.261	4	60	76	92	112	16	32	16	0.142857143	0.285714286	0.142857143
7	4	21	17	87	123	1.598	1.644	2.439	2.615	3.227	12	92	104	120	144	12	28	16	0.083333333	0.194444444	0.111111111
7	4	22	1	97	130	1.835	1.471	2.265	2.589	3.406	-48	52	68	92	132	16	40	24	0.121212121	0.303030303	0.181818182
7	5	1	1	64	98	1.428	1.428	2.064	2.217	2.77	0	76	88	104	136	12	28	16	0.088235294	0.205882353	0.117647059
7	5	3	3	50	88	2.135	1.56	2.24	2.625	3.612	-60	12	84	104	152	72	92	20	0.473684211	0.605263158	0.131578947
7	5	3	3	89	126	1.839	1.525	2.147	2.568	3.377	-36	44	92	104	148	48	60	12	0.324324324	0.405405405	0.081081081
7	5	4	3	50	76	2.216	1.509	2.336	2.737	3.325	-68	12	56	60	104	44	48	4	0.423076923	0.461538462	0.038461538
7	5	5	1	66	98	1.524	1.417	2.039	2.144	2.826	-12	64	72	92	128	8	28	20	0.0625	0.21875	0.15625
8	1	1	1	105	125	2.043	1.423	2.313	2.567	3.206	-44	24	40	48	80	16	24	8	0.2	0.3	0.1
8	1	2	2	13	66	1.519	1.46	2.212	2.181	3.304	-4	120	116	176	212	-4	56	60	-0.018867925	0.264150943	0.283018868
8	1	3	3	29	57	1.609	1.396	2.389	2.253	2.868	-24	76	68	72	112	-8	-4	4	-0.071428571	-0.035714286	0.035714286
8	1	9	2	13	48	1.766	1.737	2.392	2.556	3.32	-4	72	88	112	140	16	40	24	0.114285714	0.285714286	0.171428571
8	1	13	3	29	61	1.605	1.425	2.089	2.358	3.119	-28	60	80	88	128	20	28	8	0.15625	0.21875	0.0625
8	1	14	1	38	73	1.539	1.403	1.885	2.258	3.199	-44	44	84	100	140	40	56	16	0.285714286	0.4	0.114285714
8	1	19	14	73	94	1.698	1.24	2.018	2.307	3.128	-36	16	40	60	84	24	44	20	0.285714286	0.523809524	0.238095238
8	1	20	1	78	98	1.812	1.237	1.812	2.464	3.353	-64	0	44	56	80	44	56	12	0.55	0.7	0.15
8	1	20	20	99	123	1.701	1.43	2.552	2.647	3.294	-24	44	60	76	96	16	32	16	0.166666667	0.333333333	0.166666667
8	1	23	1	105	128	1.869	1.466	2.104	2.412	3.166	-40	24	48	56	92	24	32	8	0.260869565	0.347826087	0.086956522
8	2	2	2	65	96	1.574	1.403	2.119	2.448	3.175	-20	52	80	84	124	28	32	4	0.225806452	0.258064516	0.032258065
8	2	2	2	95	135	1.474	1.494	2.428	2.549	3.234	-4	92	100	120	160	8	28	20	0.05	0.175	0.125
8	2	3	3	49	88	1.611	1.747	2.432	2.432	2.853	32	112	112	116	156	0	4	4	0	0.025641026	0.025641026
8	2	3	3	89	135	1.474	1.706	2.407	2.446	3.287	36	128	132	144	184	4	16	12	0.02173913	0.086956522	0.065217391
8	2	13	3	48	86	1.421	1.576	2.135	2.226	2.775	32	100	108	120	152	8	20	12	0.052631579	0.131578947	0.078947368
8	2	15	2	65	100	1.547	1.417	1.959	2.48	3.008	-12	60	104	100	140	44	40	-4	0.314285714	0.285714286	-0.028571429
8	3	1	1	32	71	1.535	1.496	2.31	2.661	3.389	-4	88	124	120	156	36	32	-4	0.230769231	0.205128205	-0.025641026
8	3	1	1	71	101	1.642	1.488	2.598	2.598	3.02	-20	84	84	96	120	0	12	12	0	0.1	0.1
8	3	2	2	29	70	1.566	1.75	2.749	2.69	3.352	24	120	116	124	164	-4	4	8	-0.024390244	0.024390244	0.048780488
8	3	2	2	70	123	1.638	1.814	3.388	3.191	3.642	40	176	164	156	212	-12	-20	-8	-0.056603774	-0.094339623	-0.037735849
8	3	3	3	27	66	1.563	1.702	2.732	2.779	3.273	20	116	120	120	156	4	4	0	0.025641026	0.025641026	0
8	3	12	2	29	72	1.533	1.775	2.599	2.751	3.502	36	120	132	140	172	12	20	8	0.069767442	0.11627907	0.046511628
8	3	14	1	32	68	1.544	1.574	2.411	2.411	3.1	4	96	96	112	144	0	16	16	0	0.111111111	0.111111111
8	3	14	14	68	119	1.572	1.905	2.627	2.753	3.392	48	136	156	168	204	20	32	12	0.098039216	0.156862745	0.058823529
8	3	17	14	69	127	1.547	1.675	2.396	2.396	3.262	24	160	160	188	232	0	28	28	0	0.120689655	0.120689655
8	3	19	1	71	100	1.748	1.542	2.223	2.565	3.035	-16	64	84	92	116	20	28	8	0.172413793	0.24137931	0.068965517
8	4	1	1	52	76	1.853	1.316	2.055	2.255	2.755	-44	20	56	68	96	36	48	12	0.375	0.5	0.125
8	4	1	1	77	121	1.394	1.473	2	2	2.899	12	96	96	120	176	0	24	24	0	0.136363636	0.136363636
8	4	15	2	37	96	1.308	1.607	2.188	2.41	3.283	76	168	184	204	236	16	36	20	0.06779661	0.152542373	0.084745763
8	4	19	1	52	79	1.654	1.377	1.888	2.341	3.059	-36	16	64	72	108	48	56	8	0.444444444	0.518518519	0.074074074
8	4	19	19	79	105	1.557	1.324	2.053	2.168	2.679	-28	56	64	72	104	8	16	8	0.076923077	0.153846154	0.076923077
8	4	20	1	77	125	1.429	1.287	2.058	2.209	3.103	-20	112	132	156	192	20	44	24	0.104166667	0.229166667	0.125
8	4	21	19	79	111	1.501	1.285	2.093	2.093	2.764	-32	68	68	92	128	0	24	24	0	0.1875	0.1875
8	5	1	1	58	114	1.795	1.815	2.451	2.948	3.892	16	120	168	184	224	48	64	16	0.214285714	0.285714286	0.071428571
8	5	2	2	48	93	1.475	1.664	2.656	2.473	3.455	28	128	124	144	180	-4	16	20	-0.022222222	0.088888889	0.111111111
8	5	2	2	93	112	1.91	1.206	1.91	2.314	3.228	-68	0	32	44	76	32	44	12	0.421052632	0.578947368	0.157894737
8	5	3	3	23	68	1.437	1.675	2.293	2.387	3.087	48	128	136	144	180	8	16	8	0.044444444	0.088888889	0.044444444
8	5	15	2	48	89	1.497	1.551	2.253	2.419	3.006	28	108	120	128	164	12	20	8	0.073170732	0.12195122	0.048780488
8	5	16	1	58	94	1.419	1.458	2.089	2.39	3.398	8	76	96	104	144	20	28	8	0.138888889	0.194444444	0.055555556
8	5	16	16	94	120	1.68	1.372	1.944	2.514	3.447	-28	20	64	76	104	44	56	12	0.423076923	0.538461538	0.115384615
8	5	20	16	94	119	1.718	1.443	2.25	2.513	3.294	-20	36	56	68	100	20	32	12	0.2	0.32	0.12
9	1	1	1	17	81	1.404	1.755	2.254	2.557	2.999	84	168	196	204	256	28	36	8	0.109375	0.140625	0.03125
9	1	2	2	17	66	1.29	1.57	2.253	2.508	2.958	56	140	160	160	196	20	20	0	0.102040816	0.102040816	0
9	1	3	3	15	52	1.515	1.515	2.291	2.469	3.176	0	84	96	112	148	12	28	16	0.081081081	0.189189189	0.108108108
9	1	4	4	16	41	1.816	1.473	2.767	2.767	3.316	-24	68	68	68	100	0	0	0	0	0	0
9	1	11	3	15	53	1.487	1.523	2.252	2.305	2.775	8	96	104	124	152	8	28	20	0.052631579	0.184210526	0.131578947
9	1	13	1	16	61	1.431	1.65	2.192	2.337	3.044	48	120	132	140	180	12	20	8	0.066666667	0.111111111	0.044444444
9	1	14	2	16	59	1.449	1.587	2.506	2.548	3.142	28	120	128	136	172	8	16	8	0.046511628	0.093023256	0.046511628
9	1	14	14	61	95	1.641	1.673	2.318	2.436	2.831	4	84	88	108	136	4	24	20	0.029411765	0.176470588	0.147058824
9	2	1	1	72	117	1.576	1.646	2.527	2.424	3.481	8	120	112	136	180	-8	16	24	-0.044444444	0.088888889	0.133333333
9	2	2	2	9	43	1.575	1.475	2.106	2.382	3.174	-12	60	84	96	136	24	36	12	0.176470588	0.264705882	0.088235294
9	2	2	2	43	75	1.603	1.364	2.183	2.585	3.129	-24	52	92	96	128	40	44	4	0.3125	0.34375	0.03125
9	2	11	2	8	45	1.518	1.479	2.168	2.415	3.21	-4	76	100	120	148	24	44	20	0.162162162	0.297297297	0.135135135
9	2	11	11	45	79	1.614	1.764	2.665	2.691	3.388	16	96	100	96	136	4	0	-4	0.029411765	0	-0.029411765
9	2	13	2	43	73	1.571	1.393	2.158	2.348	3.167	-20	52	68	88	120	16	36	20	0.133333333	0.3	0.166666667
9	2	14	14	71	108	1.474	1.428	2.278	2.373	3.046	-16	80	88	100	148	8	20	12	0.054054054	0.135135135	0.081081081
9	2	16	1	72	112	1.474	1.359	2.254	2.385	3.329	-8	96	108	128	160	12	32	20	0.075	0.2	0.125
9	2	17	14	71	99	1.678	1.448	2.421	2.501	3.195	-12	64	72	84	112	8	20	12	0.071428571	0.178571429	0.107142857
9	2	22	17	99	126	1.738	1.728	2.371	2.417	3.05	-4	60	56	68	108	-4	8	12	-0.037037037	0.074074074	0.111111111
9	2	24	16	111	134	1.692	1.425	2.179	2.102	2.845	-16	44	40	60	92	-4	16	20	-0.043478261	0.173913043	0.217391304
9	3	1	1	20	59	1.754	1.754	2.52	2.544	3.538	0	100	104	116	156	4	16	12	0.025641026	0.102564103	0.076923077
9	3	1	1	59	88	1.813	1.59	2.444	2.444	3.026	-16	72	72	80	116	0	8	8	0	0.068965517	0.068965517
9	3	1	1	88	134	1.429	1.705	2.432	2.682	3.798	52	124	136	144	184	12	20	8	0.065217391	0.108695652	0.043478261
9	3	11	1	21	69	1.735	1.62	2.467	2.665	3.61	-4	124	144	148	192	20	24	4	0.104166667	0.125	0.020833333
9	3	14	1	59	102	1.725	1.56	2.407	2.688	3.319	-20	68	112	128	172	44	60	16	0.255813953	0.348837209	0.093023256
9	3	16	1	88	126	1.597	1.798	2.554	2.964	3.446	32	100	120	108	152	20	8	-12	0.131578947	0.052631579	-0.078947368
9	5	1	1	50	96	1.553	1.584	2.012	2.502	3.2	4	84	140	144	184	56	60	4	0.304347826	0.326086957	0.02173913
9	5	1	1	96	130	1.653	1.59	2.272	2.339	3.104	-8	68	76	92	136	8	24	16	0.058823529	0.176470588	0.117647059
9	5	2	2	31	60	1.707	1.318	2.112	2.626	3.095	-36	32	80	76	116	48	44	-4	0.413793103	0.379310345	-0.034482759
9	5	2	2	60	94	1.578	1.652	2.399	2.577	3.136	16	88	100	104	136	12	16	4	0.088235294	0.117647059	0.029411765
9	5	2	2	94	126	1.531	1.603	2.656	2.468	2.986	16	96	88	92	128	-8	-4	4	-0.0625	-0.03125	0.03125
9	5	5	5	23	53	1.764	1.629	2.448	2.578	3.407	-12	72	80	92	120	8	20	12	0.066666667	0.166666667	0.1
9	5	13	2	32	63	1.707	1.318	2.002	2.497	3.233	-40	36	84	92	124	48	56	8	0.387096774	0.451612903	0.064516129
9	5	13	13	63	98	1.578	1.53	2.544	2.681	3.627	-4	88	100	112	140	12	24	12	0.085714286	0.171428571	0.085714286
9	5	16	1	50	100	1.576	1.576	2.192	2.362	3.296	0	112	128	144	200	16	32	16	0.08	0.16	0.08
9	5	18	2	58	92	1.469	1.517	2.38	2.474	3.4	8	84	92	104	136	8	20	12	0.058823529	0.147058824	0.088235294
9	5	21	2	94	132	1.605	1.763	2.676	2.809	3.368	16	108	116	120	152	8	12	4	0.052631579	0.078947368	0.026315789
9	5	22	1	96	128	1.547	1.461	2.174	2.387	2.913	-8	64	84	92	128	20	28	8	0.15625	0.21875	0.0625
10	1	1	1	14	68	1.369	1.509	2.142	2.188	3.077	32	140	144	168	216	4	28	24	0.018518519	0.12962963	0.111111111
10	1	1	1	68	105	1.538	1.339	1.89	2.156	3.098	-32	44	76	104	148	32	60	28	0.216216216	0.405405405	0.189189189
10	1	3	3	45	79	1.548	1.391	2.018	2.49	3.097	-40	72	104	104	136	32	32	0	0.235294118	0.235294118	0
10	1	10	1	14	67	1.271	1.372	1.852	1.986	2.568	36	132	160	160	212	28	28	0	0.132075472	0.132075472	0
10	1	10	10	67	103	1.305	1.481	2.241	2.241	2.878	32	104	104	112	144	0	8	8	0	0.055555556	0.055555556
10	1	11	2	18	58	1.544	1.745	2.361	2.725	3.214	36	104	128	120	160	24	16	-8	0.15	0.1	-0.05
10	1	11	11	58	90	1.688	1.747	2.583	2.507	3.297	4	84	80	100	128	-4	16	20	-0.03125	0.125	0.15625
10	1	16	1	68	98	1.54	1.3	2.028	2.342	3.022	-36	44	76	80	120	32	36	4	0.266666667	0.3	0.033333333
10	1	16	16	98	132	1.479	1.363	2.019	2.332	2.92	-16	68	92	100	136	24	32	8	0.176470588	0.235294118	0.058823529
10	1	17	10	67	119	1.262	1.466	2.095	2.407	3.003	56	124	168	184	208	44	60	16	0.211538462	0.288461538	0.076923077
10	1	22	10	103	134	1.46	1.518	2.473	2.109	3.124	8	92	72	92	124	-20	0	20	-0.161290323	0	0.161290323
10	2	3	3	53	90	1.743	1.444	2.058	2.434	3.104	-40	44	92	104	148	48	60	12	0.324324324	0.405405405	0.081081081
10	2	17	3	54	86	1.821	1.413	2.074	2.623	3.15	-48	36	88	92	128	52	56	4	0.40625	0.4375	0.03125
10	2	17	17	86	125	1.539	1.428	2.041	2.165	2.804	-12	76	92	120	156	16	44	28	0.102564103	0.282051282	0.179487179
10	2	19	3	90	122	1.544	1.335	1.959	2.305	3.205	-28	52	80	88	128	28	36	8	0.21875	0.28125	0.0625
10	4	2	2	68	106	1.651	1.309	2.011	2.35	3.252	-56	48	92	104	152	44	56	12	0.289473684	0.368421053	0.078947368
10	4	2	2	106	132	1.661	1.384	2.005	2.286	2.859	-24	40	64	56	104	24	16	-8	0.230769231	0.153846154	-0.076923077
10	4	3	3	75	92	2.236	1.528	2.312	2.657	3.632	-56	4	28	36	68	24	32	8	0.352941176	0.470588235	0.117647059
10	4	3	3	92	114	1.808	1.495	2.56	2.419	3.102	-24	56	48	64	88	-8	8	16	-0.090909091	0.090909091	0.181818182
10	4	4	4	36	76	1.489	1.442	1.938	2.416	2.959	-4	64	112	120	160	48	56	8	0.3	0.35	0.05
10	4	11	4	36	75	1.534	1.439	2.167	2.34	2.975	-12	76	96	120	156	20	44	24	0.128205128	0.282051282	0.153846154
10	4	14	2	70	115	1.689	1.331	1.853	2.378	3.186	-60	32	112	140	180	80	108	28	0.444444444	0.6	0.155555556
10	4	17	3	75	95	2.094	1.484	2.094	2.761	3.431	-64	0	48	48	80	48	48	0	0.6	0.6	0
10	4	22	2	106	136	1.591	1.427	1.972	2.131	3.14	-20	44	56	80	120	12	36	24	0.1	0.3	0.2
10	5	1	1	25	66	1.68	1.629	2.112	2.241	2.956	-12	76	92	116	164	16	40	24	0.097560976	0.243902439	0.146341463
10	5	2	2	11	71	1.339	1.636	2.313	2.392	3.067	72	164	172	196	240	8	32	24	0.033333333	0.133333333	0.1
10	5	4	4	35	61	1.71	1.39	1.808	2.17	2.823	-48	8	52	60	104	44	52	8	0.423076923	0.5	0.076923077
10	5	11	2	11	66	1.434	1.768	2.371	2.424	3.12	80	160	164	176	220	4	16	12	0.018181818	0.072727273	0.054545455
10	5	13	1	21	63	1.581	1.632	2.182	2.249	2.961	12	88	100	132	168	12	44	32	0.071428571	0.261904762	0.19047619
10	5	13	13	63	104	1.417	1.448	2.031	2.338	2.854	4	84	116	120	164	32	36	4	0.195121951	0.219512195	0.024390244
10	5	16	13	65	106	1.604	1.587	2.074	2.269	2.848	-4	80	108	124	164	28	44	16	0.170731707	0.268292683	0.097560976
10	5	19	2	71	113	1.686	1.873	2.831	2.831	3.729	36	128	128	132	168	0	4	4	0	0.023809524	0.023809524
