Pos	Channel	Cell	MothCell	BirthFr	DivFr	Lb	Lri	Lrt	Lc	Ld	Tri	Trt	Tn	Tc	Td	Tn-Trt	Tc-Trt	Tc-Tn	(Tn-Trt)/Td	(Tc-Trt)/ Td	(Tc-Tn)/ Td
1	1	10	1	11	29	1.921	1.589	2.107	2.562	3.874	-36	8	28	40	72	20	32	12	0.277777778	0.444444444	0.166666667
1	1	10	10	29	46	1.951	1.334	2.309	2.536	3.645	-40	20	28	32	68	8	12	4	0.117647059	0.176470588	0.058823529
1	1	15	10	28	50	1.855	1.281	2.474	2.611	3.675	-40	32	44	56	88	12	24	12	0.136363636	0.272727273	0.136363636
1	1	16	1	29	50	1.855	1.557	2.535	2.783	3.933	-24	36	44	52	84	8	16	8	0.095238095	0.19047619	0.095238095
1	1	16	16	50	64	2.174	1.345	2.177	2.774	3.987	-44	4	24	28	56	20	24	4	0.357142857	0.428571429	0.071428571
1	1	16	16	63	84	1.955	1.439	2.437	2.998	4.024	-24	28	56	56	84	28	28	0	0.333333333	0.333333333	0
1	1	18	16	50	71	1.759	1.101	1.759	2.393	3.368	-64	0	44	48	84	44	48	4	0.523809524	0.571428571	0.047619048
1	1	20	20	71	91	2.042	1.396	2.488	3.096	5.227	-32	20	36	44	80	16	24	8	0.2	0.3	0.1
1	1	20	20	91	105	2.676	1.18	2.211	3.164	4.723	-64	-16	16	28	56	32	44	12	0.571428571	0.785714286	0.214285714
1	1	24	20	71	91	1.803	1.185	2.201	2.679	3.973	-48	24	40	44	80	16	20	4	0.2	0.25	0.05
1	1	30	20	90	106	2.391	1.374	2.391	3.699	4.813	-48	0	40	44	64	40	44	4	0.625	0.6875	0.0625
1	1	32	26	97	120	2.14	1.257	1.945	2.69	4.113	-52	-8	40	56	92	48	64	16	0.52173913	0.695652174	0.173913043
1	1	33	33	119	138	2.114	1.194	2.195	2.72	4.011	-48	4	32	48	76	28	44	16	0.368421053	0.578947368	0.210526316
1	1	37	33	118	132	2.012	1.268	2.151	3.157	4.432	-36	4	36	36	56	32	32	0	0.571428571	0.571428571	0
1	1	38	38	135	151	2.384	1.149	1.84	3.156	4.984	-68	-20	28	48	64	48	68	20	0.75	1.0625	0.3125
1	1	38	38	151	163	2.564	1.065	1.699	2.948	4.857	-72	-28	12	20	48	40	48	8	0.833333333	1	0.166666667
1	1	41	38	134	153	2.206	1.208	2.001	3.256	4.313	-60	-8	44	56	76	52	64	12	0.684210526	0.842105263	0.157894737
1	1	42	42	156	171	2.548	1.324	2.273	2.842	4.04	-68	-12	12	24	60	24	36	12	0.4	0.6	0.2
1	1	48	42	156	171	2.399	1.282	1.98	2.577	3.808	-72	-24	12	12	60	36	36	0	0.6	0.6	0
1	2	1	1	85	103	1.414	1.356	1.834	2.078	4.185	-40	24	32	40	72	8	16	8	0.111111111	0.222222222	0.111111111
1	2	1	1	160	182	1.907	1.139	2.026	2.651	3.412	-40	8	52	56	88	44	48	4	0.5	0.545454545	0.045454545
1	2	1	1	183	210	1.755	1.103	1.672	1.96	3.35	-72	-4	32	64	108	36	68	32	0.333333333	0.62962963	0.296296296
1	2	1	1	210	233	1.617	1.05	1.617	2.035	3.069	-64	0	40	56	92	40	56	16	0.434782609	0.608695652	0.173913043
1	2	1	1	234	262	1.552	0.942	1.573	2.201	4.072	-64	4	56	68	112	52	64	12	0.464285714	0.571428571	0.107142857
1	2	2	2	61	87	1.636	1.398	2.302	3.737	5.175	-32	36	76	80	104	40	44	4	0.384615385	0.423076923	0.038461538
1	2	10	4	19	48	2.051	1.3	2.506	2.56	5.185	-32	48	52	64	116	4	16	12	0.034482759	0.137931034	0.103448276
1	2	17	1	103	119	2.362	0.69	1.628	3.824	5.208	-76	-20	40	44	64	60	64	4	0.9375	1	0.0625
1	2	17	17	119	130	2.675	1.181	2.4	3.522	4.849	-64	-8	20	24	44	28	32	4	0.636363636	0.727272727	0.090909091
1	2	23	1	132	145	2.363	0.741	1.455	2.775	4.442	-56	-12	16	28	52	28	40	12	0.538461538	0.769230769	0.230769231
1	2	23	23	145	159	2.154	1.237	2.154	2.698	4.35	-48	0	20	36	56	20	36	16	0.357142857	0.642857143	0.285714286
1	2	23	23	159	174	2.054	1.163	1.907	2.945	4.691	-48	-4	32	40	60	36	44	8	0.6	0.733333333	0.133333333
1	2	25	23	145	159	2.288	1.237	2.288	2.984	4.374	-48	0	24	28	56	24	28	4	0.428571429	0.5	0.071428571
1	2	35	27	164	181	2.142	1.176	1.843	2.679	4.185	-56	-12	24	28	68	36	40	4	0.529411765	0.588235294	0.058823529
1	2	41	27	178	198	1.78	1.301	2.13	2.256	3.55	-36	20	32	48	80	12	28	16	0.15	0.35	0.2
1	2	43	1	183	211	1.766	1.077	1.74	2.23	3.234	-76	-4	36	40	112	40	44	4	0.357142857	0.392857143	0.035714286
1	2	43	43	210	238	1.575	1.141	1.578	1.98	3.086	-68	4	44	68	112	40	64	24	0.357142857	0.571428571	0.214285714
1	2	51	1	210	242	1.734	0.98	1.559	2.013	3.224	-76	-16	36	72	128	52	88	36	0.40625	0.6875	0.28125
4	1	1	1	66	87	1.75	1.141	1.776	2.684	3.529	-72	4	56	60	84	52	56	4	0.619047619	0.666666667	0.047619048
4	1	1	1	88	108	1.738	1.171	2.124	2.385	3.425	-48	20	32	44	80	12	24	12	0.15	0.3	0.15
4	1	2	2	21	48	1.709	1.222	2.128	2.287	3.633	-44	32	44	60	108	12	28	16	0.111111111	0.259259259	0.148148148
4	1	2	2	48	69	1.802	1.144	1.842	2.042	3.074	-64	4	16	24	84	12	20	8	0.142857143	0.238095238	0.095238095
4	1	3	3	30	55	1.87	1.398	2.043	2.731	3.975	-60	12	48	64	100	36	52	16	0.36	0.52	0.16
4	1	14	2	21	50	1.597	1.245	2.066	2.398	3.416	-40	40	64	68	116	24	28	4	0.206896552	0.24137931	0.034482759
4	1	14	14	50	68	1.759	1.145	2.102	2.562	4.177	-60	20	36	44	72	16	24	8	0.222222222	0.333333333	0.111111111
4	1	15	15	62	99	1.534	1.416	2.33	2.44	3.563	-20	84	96	100	148	12	16	4	0.081081081	0.108108108	0.027027027
4	1	19	2	47	74	1.768	1.144	1.967	2.326	3.326	-60	20	48	48	108	28	28	0	0.259259259	0.259259259	0
4	1	24	1	66	89	1.616	1.085	1.745	2.717	4.183	-80	8	56	64	92	48	56	8	0.52173913	0.608695652	0.086956522
4	1	29	1	87	109	1.878	1.129	2.178	3.29	4.951	-48	16	52	56	88	36	40	4	0.409090909	0.454545455	0.045454545
5	1	1	1	206	226	2	1.319	2.441	3.484	4.967	-36	20	44	52	80	24	32	8	0.3	0.4	0.1
5	1	1	1	226	240	2.477	1.319	2.641	3.099	4.162	-56	4	20	28	56	16	24	8	0.285714286	0.428571429	0.142857143
5	1	1	1	283	301	1.979	1.198	2.095	2.927	4.374	-48	4	32	40	72	28	36	8	0.388888889	0.5	0.111111111
5	1	1	1	300	316	2.116	1.254	2.114	2.495	3.505	-48	4	24	28	64	20	24	4	0.3125	0.375	0.0625
5	1	3	3	16	39	2.16	1.573	2.345	2.653	4.018	-36	16	32	48	92	16	32	16	0.173913043	0.347826087	0.173913043
5	1	3	3	39	60	1.957	1.366	1.897	2.808	4.476	-56	-4	44	52	84	48	56	8	0.571428571	0.666666667	0.095238095
5	1	3	3	77	91	2.676	1.118	2.001	3.235	4.6	-72	-20	24	32	56	44	52	8	0.785714286	0.928571429	0.142857143
5	1	3	3	91	105	2.28	1.151	1.866	2.662	3.622	-68	-20	16	20	56	36	40	4	0.642857143	0.714285714	0.071428571
5	1	3	3	104	125	1.665	1.182	1.938	2.281	3.425	-48	16	40	52	84	24	36	12	0.285714286	0.428571429	0.142857143
5	1	4	4	24	43	2.242	1.576	2.288	3.014	4.558	-44	4	36	48	76	32	44	12	0.421052632	0.578947368	0.157894737
5	1	4	4	43	58	2.281	1.199	2.098	2.806	4.172	-68	-4	16	28	60	20	32	12	0.333333333	0.533333333	0.2
5	1	13	3	16	42	1.918	1.573	2.139	2.575	3.732	-36	28	56	64	104	28	36	8	0.269230769	0.346153846	0.076923077
5	1	18	3	39	69	2.061	1.326	2.309	2.599	4.063	-60	24	48	56	120	24	32	8	0.2	0.266666667	0.066666667
5	1	25	3	61	80	2.175	1.246	1.722	3.08	5.109	-56	-16	36	48	76	52	64	12	0.684210526	0.842105263	0.157894737
5	1	30	2	76	118	1.121	1.09	1.422	2.401	3.904	-4	76	116	128	168	40	52	12	0.238095238	0.30952381	0.071428571
5	1	30	30	118	137	1.921	1.49	2.112	3.352	5.552	-28	8	44	52	76	36	44	8	0.473684211	0.578947368	0.105263158
5	1	30	30	137	149	2.718	1.056	1.997	3.731	4.974	-68	-16	24	32	48	40	48	8	0.833333333	1	0.166666667
5	1	30	30	161	175	2.166	1.176	2.166	2.377	3.45	-56	0	12	24	56	12	24	12	0.214285714	0.428571429	0.214285714
5	1	30	30	175	201	1.566	1.43	2.028	2.275	3.454	-24	36	52	60	104	16	24	8	0.153846154	0.230769231	0.076923077
5	1	30	30	201	222	1.712	1.045	1.712	2.356	3.728	-64	0	36	48	84	36	48	12	0.428571429	0.571428571	0.142857143
5	1	31	31	93	105	2.534	1.172	1.805	2.648	4.366	-76	-32	4	16	48	36	48	12	0.75	1	0.25
5	1	36	3	104	124	1.847	1.243	1.993	2.119	3.566	-44	12	20	28	80	8	16	8	0.1	0.2	0.1
5	1	40	30	117	134	1.868	1.201	1.868	2.592	4.294	-48	0	24	28	68	24	28	4	0.352941176	0.411764706	0.058823529
5	1	40	40	134	149	2.303	1.444	2.371	2.698	4.602	-36	4	16	28	60	12	24	12	0.2	0.4	0.2
5	1	50	50	176	192	2.09	1.132	1.97	3.004	4.215	-56	-4	32	36	64	36	40	4	0.5625	0.625	0.0625
5	1	71	1	226	241	2.49	1.494	2.574	3.243	4.908	-48	4	28	32	60	24	28	4	0.4	0.466666667	0.066666667
5	1	71	71	240	257	2.332	1.287	2.161	3.738	4.773	-52	-4	44	40	68	48	44	-4	0.705882353	0.647058824	-0.058823529
5	1	75	1	240	260	2.072	1.429	2.288	3.168	4.207	-44	16	52	48	80	36	32	-4	0.45	0.4	-0.05
5	1	75	75	260	277	2.026	1.253	2.123	2.735	3.817	-52	4	28	36	68	24	32	8	0.352941176	0.470588235	0.117647059
5	1	75	75	277	295	1.828	1.121	1.724	2.311	3.425	-60	-8	28	36	72	36	44	8	0.5	0.611111111	0.111111111
5	1	78	71	240	257	2.329	1.339	2.095	3.408	4.635	-48	-8	36	44	68	44	52	8	0.647058824	0.764705882	0.117647059
5	1	86	1	261	284	2	1.267	2.228	2.373	3.707	-56	16	28	52	92	12	36	24	0.130434783	0.391304348	0.260869565
5	1	86	86	282	306	1.941	1.341	2.381	2.5	3.7	-40	40	52	60	96	12	20	8	0.125	0.208333333	0.083333333
5	1	87	75	260	279	2.181	1.308	2.263	3.07	5.039	-48	4	36	44	76	32	40	8	0.421052632	0.526315789	0.105263158
5	1	92	75	277	292	1.989	1.257	2.046	2.328	3.7	-48	4	16	20	60	12	16	4	0.2	0.266666667	0.066666667
5	1	93	1	283	303	1.907	1.281	2.252	2.789	4.603	-40	16	36	52	80	20	36	16	0.25	0.45	0.2
5	1	93	93	303	318	2.281	1.234	2.087	3.118	4.51	-56	-8	28	36	60	36	44	8	0.6	0.733333333	0.133333333
5	1	98	98	316	332	1.978	1.484	2.125	2.591	3.599	-32	8	28	36	64	20	28	8	0.3125	0.4375	0.125
5	1	106	98	316	329	2.161	1.262	2.417	2.622	3.68	-52	12	20	28	52	8	16	8	0.153846154	0.307692308	0.153846154
5	2	1	1	41	57	2.163	1.309	2.115	2.563	4.303	-60	-4	20	28	64	24	32	8	0.375	0.5	0.125
5	2	1	1	59	76	2.606	1.281	2.381	3.297	4.703	-52	-4	32	32	68	36	36	0	0.529411765	0.529411765	0
5	2	1	1	75	91	2.075	1.303	2.071	3.182	4.358	-64	-12	36	36	64	48	48	0	0.75	0.75	0
5	2	1	1	91	104	2.18	0.995	2.064	2.495	3.677	-68	-8	16	20	52	24	28	4	0.461538462	0.538461538	0.076923077
5	2	1	1	194	222	1.765	1.213	2.064	2.143	3.044	-48	36	40	48	112	4	12	8	0.035714286	0.107142857	0.071428571
5	2	1	1	258	290	1.336	1.047	1.511	2.487	4.541	-36	16	84	92	128	68	76	8	0.53125	0.59375	0.0625
5	2	14	1	39	64	1.982	1.309	2.18	2.998	4.246	-52	12	64	64	100	52	52	0	0.52	0.52	0
5	2	15	1	57	77	2.028	1.334	2.46	3.265	4.883	-40	16	40	48	80	24	32	8	0.3	0.4	0.1
5	2	15	15	78	92	2.696	1.415	2.552	3.4	4.983	-56	-4	20	32	56	24	36	12	0.428571429	0.642857143	0.214285714
5	2	17	1	76	92	2.511	1.454	2.283	3.827	5.744	-52	-4	36	40	64	40	44	4	0.625	0.6875	0.0625
5	2	17	17	92	105	2.842	1.256	1.913	3.954	5.092	-64	-28	28	32	52	56	60	4	1.076923077	1.153846154	0.076923077
5	2	22	22	110	126	2.232	1.147	1.97	2.675	3.825	-68	-12	20	20	64	32	32	0	0.5	0.5	0
5	2	22	22	126	142	1.904	1.062	1.697	2.189	3.542	-68	-12	16	32	64	28	44	16	0.4375	0.6875	0.25
5	2	26	1	104	122	2.125	1.09	1.584	2.614	3.767	-52	-12	28	32	72	40	44	4	0.555555556	0.611111111	0.055555556
5	2	27	22	110	125	2.203	1.089	1.792	2.554	3.955	-76	-20	20	28	60	40	48	8	0.666666667	0.8	0.133333333
5	2	32	1	124	140	2.076	0.834	2.003	2.34	3.433	-68	-8	12	24	64	20	32	12	0.3125	0.5	0.1875
5	2	32	32	140	164	1.717	1.095	1.836	2.129	3.304	-60	12	36	52	96	24	40	16	0.25	0.416666667	0.166666667
5	2	39	39	156	170	2.232	1.029	2.022	2.919	4.13	-60	-8	24	24	56	32	32	0	0.571428571	0.571428571	0
5	2	39	39	170	188	2.114	1.045	1.811	2.632	3.791	-60	-8	24	40	72	32	48	16	0.444444444	0.666666667	0.222222222
5	2	40	39	157	174	2.333	1.422	2.572	3.284	4.759	-36	12	36	44	68	24	32	8	0.352941176	0.470588235	0.117647059
5	2	41	1	158	177	2.22	0.655	1.988	2.84	3.952	-60	-8	24	40	76	32	48	16	0.421052632	0.631578947	0.210526316
5	2	41	41	177	199	1.911	1.471	2.067	2.394	3.876	-36	12	32	44	88	20	32	12	0.227272727	0.363636364	0.136363636
5	2	41	41	199	220	2.06	1.102	1.891	2.319	3.614	-68	-16	16	44	84	32	60	28	0.380952381	0.714285714	0.333333333
5	2	45	39	170	184	2.016	1.287	2.074	2.438	3.491	-44	4	16	28	56	12	24	12	0.214285714	0.428571429	0.214285714
5	2	46	41	177	196	2.041	1.42	2.091	2.26	3.322	-52	8	32	40	76	24	32	8	0.315789474	0.421052632	0.105263158
5	2	47	47	195	221	1.791	1.355	2.011	2.269	3.268	-40	24	40	48	104	16	24	8	0.153846154	0.230769231	0.076923077
5	2	47	47	222	255	1.68	1.336	1.821	2.014	3.445	-44	20	60	72	132	40	52	12	0.303030303	0.393939394	0.090909091
5	2	53	47	195	214	1.941	1.22	2.024	2.52	3.645	-56	4	28	28	76	24	24	0	0.315789474	0.315789474	0
5	2	53	53	214	236	1.867	1.341	2.005	2.332	3.656	-40	12	36	40	88	24	28	4	0.272727273	0.318181818	0.045454545
5	2	58	53	214	235	1.779	1.341	2.081	2.496	3.931	-40	20	40	40	84	20	20	0	0.238095238	0.238095238	0
5	2	60	1	221	269	1.491	1.281	1.949	2.189	3.103	-32	44	68	84	192	24	40	16	0.125	0.208333333	0.083333333
5	2	67	1	258	291	1.349	1.093	1.759	1.874	3.216	-28	52	60	68	132	8	16	8	0.060606061	0.121212121	0.060606061
5	3	1	1	26	59	1.444	1.309	2.408	2.901	4.488	-16	80	96	100	132	16	20	4	0.121212121	0.151515152	0.03030303
5	3	1	1	59	79	2.139	1.281	2.165	3.357	4.409	-48	4	52	56	80	48	52	4	0.6	0.65	0.05
5	3	1	1	81	97	1.97	1.216	1.715	2.209	3.247	-72	-16	12	16	64	28	32	4	0.4375	0.5	0.0625
5	3	1	1	97	119	1.358	0.954	1.247	1.64	2.555	-72	-16	32	44	88	48	60	12	0.545454545	0.681818182	0.136363636
5	3	1	1	178	217	1.414	1.198	1.72	1.974	3.152	-36	44	80	92	156	36	48	12	0.230769231	0.307692308	0.076923077
5	3	1	1	217	239	1.635	1.276	2.165	2.737	4.605	-28	28	48	56	88	20	28	8	0.227272727	0.318181818	0.090909091
5	3	2	2	12	54	1.415	1.329	1.999	2.145	3.13	-12	68	80	100	168	12	32	20	0.071428571	0.19047619	0.119047619
5	3	10	2	12	40	1.525	1.566	2.217	3.308	5.014	4	48	80	80	112	32	32	0	0.285714286	0.285714286	0
5	3	10	10	40	53	2.661	1.108	2.509	3.388	4.977	-64	-4	24	24	52	28	28	0	0.538461538	0.538461538	0
5	3	13	1	26	54	1.275	1.231	2.06	3.057	4.3	-4	60	88	92	112	28	32	4	0.25	0.285714286	0.035714286
5	3	13	13	54	72	2.272	1.146	2.121	3.846	5.725	-44	-4	40	48	72	44	52	8	0.611111111	0.722222222	0.111111111
5	3	23	1	59	78	2.349	1.336	2.492	3.898	5.26	-44	4	44	48	76	40	44	4	0.526315789	0.578947368	0.052631579
5	3	23	23	78	92	2.506	1.503	2.199	3.037	4.211	-56	-20	24	32	56	44	52	8	0.785714286	0.928571429	0.142857143
5	3	23	23	92	110	2.185	1.111	1.944	2.493	3.712	-68	-12	20	20	72	32	32	0	0.444444444	0.444444444	0
5	3	26	23	78	93	2.754	1.122	2.13	2.969	4.657	-80	-24	12	20	60	36	44	8	0.6	0.733333333	0.133333333
5	3	28	1	79	97	2.5	1.097	1.732	3.011	4.128	-72	-24	28	36	72	52	60	8	0.722222222	0.833333333	0.111111111
5	3	28	28	96	121	2.054	1.25	1.862	2.339	3.388	-68	-12	32	48	100	44	60	16	0.44	0.6	0.16
5	3	28	28	121	157	1.638	1.355	2.052	2.11	3.315	-40	40	52	84	144	12	44	32	0.083333333	0.305555556	0.222222222
5	3	31	23	92	110	2.026	1.111	1.792	2.693	3.834	-68	-16	28	40	72	44	56	12	0.611111111	0.777777778	0.166666667
5	3	32	1	97	124	1.889	1.108	1.96	2.418	3.603	-48	8	52	60	108	44	52	8	0.407407407	0.481481481	0.074074074
5	3	32	32	124	148	1.769	1.093	1.895	1.992	3.002	-76	12	24	44	96	12	32	20	0.125	0.333333333	0.208333333
5	3	39	28	121	148	1.75	1.134	1.787	2.154	3.534	-72	4	36	56	108	32	52	20	0.296296296	0.481481481	0.185185185
5	3	40	1	119	149	1.515	0.783	1.657	2.113	3.1	-64	16	52	72	120	36	56	20	0.3	0.466666667	0.166666667
5	3	40	40	151	189	1.48	1.076	1.559	1.808	2.691	-72	16	48	72	152	32	56	24	0.210526316	0.368421053	0.157894737
5	3	41	32	122	147	1.728	1.093	1.857	2.372	3.02	-68	16	56	52	100	40	36	-4	0.4	0.36	-0.04
5	3	41	41	147	180	1.558	1.081	1.785	2.131	3.773	-64	28	56	64	132	28	36	8	0.212121212	0.272727273	0.060606061
5	3	45	32	148	179	1.564	1.038	1.701	2.102	3.078	-68	16	64	76	124	48	60	12	0.387096774	0.483870968	0.096774194
5	3	48	40	150	179	1.817	1.139	1.886	2.157	3.225	-60	8	28	44	116	20	36	16	0.172413793	0.310344828	0.137931034
5	3	48	48	179	216	1.634	1.255	1.842	2.261	3.607	-60	24	76	84	148	52	60	8	0.351351351	0.405405405	0.054054054
5	3	50	50	187	220	1.3	1.265	1.592	1.914	3.2	-16	48	80	92	132	32	44	12	0.242424242	0.333333333	0.090909091
5	3	60	1	217	240	1.517	1.181	2.003	3.069	4.513	-28	24	64	68	92	40	44	4	0.434782609	0.47826087	0.043478261
5	5	1	1	16	46	1.685	1.349	2.021	2.648	3.726	-28	36	72	76	120	36	40	4	0.3	0.333333333	0.033333333
5	5	1	1	46	70	1.738	1.318	1.916	2.206	2.671	-52	20	52	52	96	32	32	0	0.333333333	0.333333333	0
5	5	1	1	72	99	1.193	1.086	1.874	1.954	2.924	-32	60	64	76	108	4	16	12	0.037037037	0.148148148	0.111111111
5	5	1	1	98	126	1.191	1.007	1.726	2.809	4.262	-36	52	84	80	112	32	28	-4	0.285714286	0.25	-0.035714286
5	5	6	1	15	43	1.61	1.559	2.094	2.168	3.667	-8	52	56	64	112	4	12	8	0.035714286	0.107142857	0.071428571
5	5	6	6	43	66	1.71	1.212	1.939	2.235	3.416	-44	20	32	36	92	12	16	4	0.130434783	0.173913043	0.043478261
5	5	6	6	66	91	1.636	1.283	1.797	2.834	4.221	-40	24	68	72	100	44	48	4	0.44	0.48	0.04
5	5	8	3	33	51	1.825	1.182	2.041	2.223	3.282	-48	16	32	40	72	16	24	8	0.222222222	0.333333333	0.111111111
5	5	10	6	43	66	1.957	1.279	2.267	2.37	3.402	-40	24	32	44	92	8	20	12	0.086956522	0.217391304	0.130434783
5	5	13	1	46	67	1.988	1.318	2.108	2.088	3.09	-52	12	28	40	84	16	28	12	0.19047619	0.333333333	0.142857143
5	5	13	13	67	90	1.454	1.237	2.22	2.774	4.052	-24	48	64	68	92	16	20	4	0.173913043	0.217391304	0.043478261
5	5	19	6	67	88	1.834	1.186	1.834	2.172	3.457	-60	0	28	32	84	28	32	4	0.333333333	0.380952381	0.047619048
5	5	21	1	70	96	1.535	1.387	2.309	2.455	3.599	-16	52	60	68	104	8	16	8	0.076923077	0.153846154	0.076923077
5	5	21	21	97	122	1.852	1.356	2.126	2.514	3.846	-36	28	48	56	100	20	28	8	0.2	0.28	0.08
5	5	25	13	90	104	2.117	1.317	2.211	3.142	4.836	-32	8	28	28	56	20	20	0	0.357142857	0.357142857	0
5	5	26	21	98	120	1.826	1.414	2.134	2.58	3.647	-36	24	40	48	88	16	24	8	0.181818182	0.272727273	0.090909091
5	5	27	1	98	128	1.643	1.133	2.053	2.527	3.471	-24	36	76	84	120	40	48	8	0.333333333	0.4	0.066666667
6	1	1	1	12	37	1.892	1.383	2.193	3.312	5.135	-32	16	60	72	100	44	56	12	0.44	0.56	0.12
6	1	10	1	12	32	1.948	1.274	1.951	3.047	4.862	-40	4	40	40	80	36	36	0	0.45	0.45	0
6	4	1	1	31	61	1.338	1.152	1.737	1.81	2.554	-36	52	60	68	120	8	16	8	0.066666667	0.133333333	0.066666667
6	4	1	1	61	95	1.12	1.132	1.613	1.742	2.803	8	68	76	84	136	8	16	8	0.058823529	0.117647059	0.058823529
6	4	2	2	37	72	1.712	1.096	1.685	1.955	2.862	-88	-8	36	44	140	44	52	8	0.314285714	0.371428571	0.057142857
6	4	2	2	72	103	1.428	1.399	1.969	2.174	3.522	-16	56	60	76	124	4	20	16	0.032258065	0.161290323	0.129032258
6	4	3	3	30	63	1.368	1.189	2.204	2.204	3.25	-20	72	72	84	132	0	12	12	0	0.090909091	0.090909091
6	4	5	5	17	39	1.839	1.165	1.908	2.482	4.04	-60	4	36	44	88	32	40	8	0.363636364	0.454545455	0.090909091
6	4	15	3	30	63	1.638	1.087	2.18	2.362	3.543	-48	60	76	84	132	16	24	8	0.121212121	0.181818182	0.060606061
6	4	20	1	63	95	1.493	1.469	2.05	2.05	3.452	-4	56	56	64	128	0	8	8	0	0.0625	0.0625
6	4	20	20	94	124	1.589	1.255	1.979	2.218	3.207	-28	32	56	64	120	24	32	8	0.2	0.266666667	0.066666667
6	4	20	20	124	155	1.51	1.12	1.823	1.958	2.876	-68	24	48	68	124	24	44	20	0.193548387	0.35483871	0.161290323
6	4	26	20	94	117	1.694	1.397	2.249	2.609	3.542	-40	24	48	52	92	24	28	4	0.260869565	0.304347826	0.043478261
6	4	26	26	117	138	1.695	1.217	1.807	2.372	4.113	-56	8	36	48	84	28	40	12	0.333333333	0.476190476	0.142857143
6	4	27	1	95	128	1.655	1.059	1.819	2.139	3.229	-40	16	44	76	132	28	60	32	0.212121212	0.454545455	0.242424242
6	4	27	27	128	170	1.68	1.618	1.992	2.205	3.295	-24	44	68	80	168	24	36	12	0.142857143	0.214285714	0.071428571
6	4	27	27	170	201	1.737	1.153	1.685	2.747	5.358	-84	-4	64	64	124	68	68	0	0.548387097	0.548387097	0
6	4	29	26	117	138	1.847	1.233	2.411	2.458	3.601	-52	24	40	44	84	16	20	4	0.19047619	0.238095238	0.047619048
6	4	30	20	123	158	1.665	1.297	1.937	2.085	2.94	-36	36	60	76	140	24	40	16	0.171428571	0.285714286	0.114285714
6	4	31	27	128	166	1.55	1.226	1.762	1.955	2.845	-56	24	52	52	152	28	28	0	0.184210526	0.184210526	0
6	4	31	31	166	193	1.488	1.252	1.78	2.111	3.99	-56	32	56	64	108	24	32	8	0.222222222	0.296296296	0.074074074
6	4	35	35	184	206	1.844	1.169	2.036	2.269	3.339	-52	20	32	48	88	12	28	16	0.136363636	0.318181818	0.181818182
6	4	40	35	183	206	1.521	1.183	1.801	2.297	3.389	-44	24	52	44	92	28	20	-8	0.304347826	0.217391304	-0.086956522
6	5	1	1	25	56	1.864	1.787	2.205	2.564	3.537	-16	44	72	80	124	28	36	8	0.225806452	0.290322581	0.064516129
6	5	1	1	57	77	1.798	1.214	1.876	2.337	2.904	-64	8	44	40	80	36	32	-4	0.45	0.4	-0.05
6	5	1	1	138	173	1.487	1.487	2.101	2.186	3.384	0	80	84	96	140	4	16	12	0.028571429	0.114285714	0.085714286
6	5	1	1	172	197	1.657	1.251	2.296	3.038	4.377	-32	36	64	80	100	28	44	16	0.28	0.44	0.16
6	5	1	1	198	217	1.999	1.217	2.007	2.714	3.762	-64	-8	32	40	76	40	48	8	0.526315789	0.631578947	0.105263158
6	5	1	1	239	262	1.562	1.048	1.797	2.18	3.254	-60	24	48	52	92	24	28	4	0.260869565	0.304347826	0.043478261
6	5	2	2	23	47	1.777	1.234	2.168	2.48	3.664	-56	32	48	52	96	16	20	4	0.166666667	0.208333333	0.041666667
6	5	2	2	47	75	1.64	1.2	1.782	2.092	2.98	-52	24	52	76	112	28	52	24	0.25	0.464285714	0.214285714
6	5	11	2	23	54	1.749	1.152	1.802	2.429	3.574	-72	8	72	80	124	64	72	8	0.516129032	0.580645161	0.064516129
6	5	12	1	25	57	1.74	1.435	2.03	2.223	3.18	-52	32	48	64	128	16	32	16	0.125	0.25	0.125
6	5	12	12	58	104	1.607	1.14	1.607	1.854	2.85	-80	0	60	72	184	60	72	12	0.326086957	0.391304348	0.065217391
6	5	15	2	47	68	2.023	1.2	2.299	2.299	3.527	-52	20	20	28	84	0	8	8	0	0.095238095	0.095238095
6	5	17	1	58	77	1.947	1.214	1.979	2.187	3.811	-68	4	16	20	76	12	16	4	0.157894737	0.210526316	0.052631579
6	5	17	17	77	96	2.024	1.303	2.329	2.578	3.848	-36	16	28	28	76	12	12	0	0.157894737	0.157894737	0
6	5	17	17	96	119	1.814	1.338	1.953	2.319	3.467	-44	8	32	48	92	24	40	16	0.260869565	0.434782609	0.173913043
6	5	23	17	77	99	1.787	1.213	2.093	2.287	3.422	-44	20	36	40	88	16	20	4	0.181818182	0.227272727	0.045454545
6	5	24	1	78	112	1.635	1.128	1.874	2.02	3.687	-44	24	40	48	136	16	24	8	0.117647059	0.176470588	0.058823529
6	5	24	24	112	136	1.868	1.186	1.868	2.869	4.262	-56	0	52	52	96	52	52	0	0.541666667	0.541666667	0
6	5	24	24	136	149	2.115	1.274	2.217	2.367	3.309	-60	4	12	20	52	8	16	8	0.153846154	0.307692308	0.153846154
6	5	25	17	96	118	2.034	1.381	2.12	2.786	4.075	-40	8	44	48	88	36	40	4	0.409090909	0.454545455	0.045454545
6	5	29	24	112	135	1.819	1.315	2.284	2.77	4.741	-36	28	48	60	92	20	32	12	0.217391304	0.347826087	0.130434783
6	5	29	29	135	148	2.303	1.252	2.198	2.663	4.501	-52	-4	16	20	52	20	24	4	0.384615385	0.461538462	0.076923077
6	5	32	32	131	158	1.644	1.367	2.296	2.512	3.442	-20	52	64	76	108	12	24	12	0.111111111	0.222222222	0.111111111
6	5	32	32	159	184	1.502	1.353	2.056	2.121	2.765	-36	44	48	56	100	4	12	8	0.04	0.12	0.08
6	5	34	32	131	155	1.633	1.48	2.242	3.106	4.365	-20	44	68	64	96	24	20	-4	0.25	0.208333333	-0.041666667
6	5	34	34	155	171	2.147	1.308	2.174	3.394	4.537	-40	4	36	40	64	32	36	4	0.5	0.5625	0.0625
6	5	35	24	136	152	2.147	1.178	2.333	2.624	3.691	-64	8	24	36	64	16	28	12	0.25	0.4375	0.1875
6	5	43	32	159	180	1.893	1.312	2.572	2.616	3.494	-40	32	36	40	84	4	8	4	0.047619048	0.095238095	0.047619048
6	5	44	34	155	173	2.218	1.308	2.283	3.94	5.207	-40	4	40	44	72	36	40	4	0.5	0.555555556	0.055555556
6	5	48	1	173	192	1.726	1.265	1.957	2.79	4.134	-44	12	44	48	76	32	36	4	0.421052632	0.473684211	0.052631579
6	5	48	48	192	210	2.126	1.271	2.004	3.494	4.844	-40	-4	44	52	72	48	56	8	0.666666667	0.777777778	0.111111111
6	5	48	48	210	225	2.456	1.135	2.237	3.056	4.566	-64	-8	28	36	60	36	44	8	0.6	0.733333333	0.133333333
6	5	59	48	191	210	1.899	1.329	2.142	3.062	4.794	-32	8	44	48	76	36	40	4	0.473684211	0.526315789	0.052631579
6	5	60	1	198	213	2.473	1.257	2.391	2.769	3.942	-60	-4	16	20	60	20	24	4	0.333333333	0.4	0.066666667
6	5	60	60	212	235	1.906	1.236	1.99	2.637	4.13	-56	4	36	40	92	32	36	4	0.347826087	0.391304348	0.043478261
6	5	63	60	212	231	1.93	1.3	2.327	2.38	3.696	-48	24	28	40	76	4	16	12	0.052631579	0.210526316	0.157894737
6	5	66	1	217	241	2.052	1.066	2.094	2.378	3.31	-68	4	28	48	96	24	44	20	0.25	0.458333333	0.208333333
6	5	75	1	239	259	1.683	1.051	2.074	2.074	3.533	-56	28	28	36	80	0	8	8	0	0.1	0.1
8	1	1	1	207	227	1.87	1.186	1.953	2.327	2.992	-52	16	40	44	80	24	28	4	0.3	0.35	0.05
8	1	1	1	227	257	1.496	1.164	1.902	2.086	3.053	-40	36	52	60	120	16	24	8	0.133333333	0.2	0.066666667
8	1	1	1	257	295	1.552	1.107	1.673	2.182	3.245	-60	24	88	96	152	64	72	8	0.421052632	0.473684211	0.052631579
8	1	2	2	47	100	1.495	1.232	1.756	1.914	3.185	-56	64	96	116	212	32	52	20	0.150943396	0.245283019	0.094339623
8	1	5	5	14	59	1.321	1.205	1.519	1.838	2.985	-40	40	84	100	180	44	60	16	0.244444444	0.333333333	0.088888889
8	1	9	5	13	38	1.638	1.187	1.888	2.15	3.141	-40	28	44	52	100	16	24	8	0.16	0.24	0.08
8	1	13	13	77	126	1.447	1.201	1.671	2.538	3.952	-44	32	120	116	196	88	84	-4	0.448979592	0.428571429	-0.020408163
8	1	17	2	47	112	1.524	1.26	1.877	2.125	3.05	-48	72	132	148	260	60	76	16	0.230769231	0.292307692	0.061538462
8	1	18	3	49	82	1.574	1.106	1.631	2.014	3.416	-72	8	52	56	132	44	48	4	0.333333333	0.363636364	0.03030303
8	1	20	13	78	121	1.404	1.231	1.533	2.003	3.421	-28	40	80	96	172	40	56	16	0.23255814	0.325581395	0.093023256
8	1	29	1	107	134	1.662	1.183	1.82	2.145	3.63	-72	16	40	52	108	24	36	12	0.222222222	0.333333333	0.111111111
8	1	29	29	133	152	1.767	1.166	2.118	2.442	3.706	-52	16	32	36	76	16	20	4	0.210526316	0.263157895	0.052631579
8	1	43	1	148	161	2.675	0.894	1.575	3.348	5.292	-76	-24	16	28	52	40	52	12	0.769230769	1	0.230769231
8	1	47	47	186	200	2.59	1.022	1.995	3.42	5.055	-68	-20	24	28	56	44	48	4	0.785714286	0.857142857	0.071428571
8	1	53	53	187	205	1.886	1.256	2.03	2.44	3.79	-40	12	32	36	72	20	24	4	0.277777778	0.333333333	0.055555556
8	1	53	53	224	243	1.767	1.397	1.966	2.442	3.789	-36	16	36	44	76	20	28	8	0.263157895	0.368421053	0.105263158
8	1	57	1	189	220	1.653	0.765	1.882	2.427	3.666	-48	24	64	76	124	40	52	12	0.322580645	0.419354839	0.096774194
8	1	57	57	220	245	1.83	1.054	1.875	2.128	3.168	-84	4	36	32	100	32	28	-4	0.32	0.28	-0.04
8	1	62	53	205	222	1.974	0.985	1.883	2.869	4.395	-68	-4	32	40	68	36	44	8	0.529411765	0.647058824	0.117647059
8	1	65	57	220	248	1.835	0.982	1.65	2.185	3.323	-96	-12	48	64	112	60	76	16	0.535714286	0.678571429	0.142857143
8	1	70	1	227	255	1.496	1.164	1.829	1.907	2.782	-40	32	40	56	112	8	24	16	0.071428571	0.214285714	0.142857143
8	2	1	1	12	33	2.198	1.587	2.216	2.628	3.466	-40	4	36	44	84	32	40	8	0.380952381	0.476190476	0.095238095
