Pos	Channel	Cell	MothCell	BirthFr	DivFr	Lb	Lri	Lrt	Lc	Ld	Tri	Trt	Tn	Tc	Td	Tn-Trt	Tc-Trt	Tc-Tn	(Tn-Trt)/Td	(Tc-Trt)/ Td	(Tc-Tn)/ Td
1	2	10	10	39	55	1.938	0.827	2.026	2.642	3.209	-112	4	40	40	64	36	36	0	0.5625	0.5625	0
1	4	1	1	131	166	1.327	1.15	1.987	2.096	2.952	-28	80	84	112	140	4	32	28	0.028571429	0.228571429	0.2
1	4	43	35	117	140	1.617	1.202	1.742	2.173	2.774	-28	20	56	72	92	36	52	16	0.391304348	0.565217391	0.173913043
1	4	33	29	83	100	1.986	1.137	1.807	2.797	4.048	-56	-8	40	44	68	48	52	4	0.705882353	0.764705882	0.058823529
1	4	21	1	42	58	2.198	0.975	2.061	3.239	4.923	-44	-4	32	48	64	36	52	16	0.5625	0.8125	0.25
1	4	13	11	24	52	1.764	1.325	2.099	2.754	4.021	-28	24	64	92	112	40	68	28	0.357142857	0.607142857	0.25
1	4	35	35	99	117	1.656	1.393	2.125	2.334	3.161	-20	32	40	48	72	8	16	8	0.111111111	0.222222222	0.111111111
1	4	1	1	9	26	1.973	1.576	2.076	2.657	3.56	-28	8	36	48	68	28	40	12	0.411764706	0.588235294	0.176470588
1	4	11	1	8	24	1.916	1.634	2.193	2.565	3.366	-20	16	32	40	64	16	24	8	0.25	0.375	0.125
1	4	29	29	83	102	2.038	1.335	1.698	3.039	4.526	-40	-16	44	60	76	60	76	16	0.789473684	1	0.210526316
1	4	34	27	82	96	2.069	1.189	2.069	2.741	3.719	-56	0	32	36	56	32	36	4	0.571428571	0.642857143	0.071428571
1	4	25	21	58	70	2.393	1.217	2.393	3.241	4.244	-56	0	28	36	48	28	36	8	0.583333333	0.75	0.166666667
1	5	16	1	44	59	2.143	2.049	1.927	3.215	3.564	--	-12	36	44	60	48	56	8	0.8	0.933333333	0.133333333
1	4	2	2	9	26	1.897	2.111	1.897	3.451	4.62	--	0	48	52	68	48	52	4	0.705882353	0.764705882	0.058823529
1	4	41	41	135	154	1.66	1.133	1.901	2.307	3.054	-48	16	44	60	76	28	44	16	0.368421053	0.578947368	0.210526316
1	2	10	1	14	39	1.807	1.535	1.972	2.4	3.882	-48	16	44	60	100	28	44	16	0.28	0.44	0.16
1	4	40	29	101	114	2.188	0.949	2.309	3.158	3.721	-80	4	32	32	52	28	28	0	0.538461538	0.538461538	0
1	4	11	11	24	56	1.603	1.245	1.875	2.211	3.747	-36	28	52	84	128	24	56	32	0.1875	0.4375	0.25
1	4	35	35	117	145	1.544	1.017	1.66	2.49	2.969	-44	24	92	76	112	68	52	-16	0.607142857	0.464285714	-0.142857143
1	4	38	35	99	122	1.692	1.316	2.256	2.256	3.101	-24	44	44	64	92	0	20	20	0	0.217391304	0.217391304
1	4	29	29	102	118	2.217	1.019	2.078	2.84	4.443	-76	-4	28	48	64	32	52	20	0.5	0.8125	0.3125
1	4	51	41	135	152	1.661	1.095	1.873	2.283	3.245	-52	20	40	48	68	20	28	8	0.294117647	0.411764706	0.117647059
1	2	1	1	14	49	1.985	2.011	2.032	2.138	2.784	--	8	60	88	140	52	80	28	0.371428571	0.571428571	0.2
1	4	41	1	114	135	1.728	1.186	2.034	2.117	3.32	-40	24	28	52	84	4	28	24	0.047619048	0.333333333	0.285714286
1	4	12	12	22	33	2.185	1.237	2.315	3.079	4.277	-44	4	24	32	44	20	28	8	0.454545455	0.636363636	0.181818182
2	5	13	2	21	37	2.12	1.239	2.018	3.386	4.668	-48	-4	40	44	64	44	48	4	0.6875	0.75	0.0625
2	1	2	2	11	32	1.561	1.114	1.748	2.6	3.203	-36	16	60	60	84	44	44	0	0.523809524	0.523809524	0
2	3	21	14	53	70	1.883	1.009	1.761	3.029	4.217	-48	-4	40	48	68	44	52	8	0.647058824	0.764705882	0.117647059
2	2	15	1	36	55	1.887	0.985	1.612	2.309	3.591	-92	-16	24	44	76	40	60	20	0.526315789	0.789473684	0.263157895
2	2	39	34	126	147	1.678	0.886	1.785	2.418	3.721	-64	12	48	56	84	36	44	8	0.428571429	0.523809524	0.095238095
2	5	1	1	104	129	1.603	1.191	1.867	2.546	3.801	-60	20	60	72	100	40	52	12	0.4	0.52	0.12
2	2	4	4	16	33	1.94	1.065	2.146	2.672	3.397	-56	16	40	44	68	24	28	4	0.352941176	0.411764706	0.058823529
2	5	2	2	21	38	2.045	1.147	1.8	3.481	4.231	-56	-12	48	44	68	60	56	-4	0.882352941	0.823529412	-0.058823529
2	2	35	34	111	131	1.882	2	1.822	2.604	4.087	--	-4	36	44	80	40	48	8	0.5	0.6	0.1
2	1	2	2	32	47	1.674	1.016	2.016	2.121	3.041	-52	20	28	40	60	8	20	12	0.133333333	0.333333333	0.2
2	5	1	1	8	28	1.634	2.196	1.969	2.492	3.107	--	20	52	64	80	32	44	12	0.4	0.55	0.15
2	2	3	3	31	49	1.633	0.788	1.712	2.838	3.552	-68	4	52	52	72	48	48	0	0.666666667	0.666666667	0
2	2	20	3	49	64	1.73	0.886	1.905	2.695	3.209	-64	8	44	44	60	36	36	0	0.6	0.6	0
2	2	32	15	96	114	1.957	0.956	1.957	2.768	3.959	-72	0	36	44	72	36	44	8	0.5	0.611111111	0.111111111
2	2	15	15	55	72	2.009	1.061	2.159	2.568	3.688	-64	8	28	40	68	20	32	12	0.294117647	0.470588235	0.176470588
2	5	16	16	55	85	1.816	0.951	1.739	2.821	4.264	-76	-4	68	92	120	72	96	24	0.6	0.8	0.2
2	1	17	1	43	59	1.847	0.796	2.053	2.556	3.606	-68	8	32	40	64	24	32	8	0.375	0.5	0.125
2	3	20	1	52	74	1.563	0.719	1.65	2.646	3.546	-48	8	60	60	88	52	52	0	0.590909091	0.590909091	0
2	2	21	21	76	97	1.637	0.892	1.577	2.556	3.593	-72	-4	60	56	84	64	60	-4	0.761904762	0.714285714	-0.047619048
2	3	12	2	20	39	1.886	1.009	1.83	2.921	4.033	-76	-4	44	48	76	48	52	4	0.631578947	0.684210526	0.052631579
2	5	1	1	150	169	2.083	0.928	1.945	2.69	4.333	-88	-20	36	48	76	56	68	12	0.736842105	0.894736842	0.157894737
2	5	31	31	82	95	2.156	0.945	1.98	3.754	4.682	-60	-4	40	32	52	44	36	-8	0.846153846	0.692307692	-0.153846154
2	3	1	1	52	67	1.277	0.837	1.366	1.874	2.423	-32	16	32	40	60	16	24	8	0.266666667	0.4	0.133333333
2	5	1	1	129	150	1.958	0.946	1.791	2.927	3.942	-76	-8	44	48	84	52	56	4	0.619047619	0.666666667	0.047619048
2	5	16	1	28	55	1.604	1.098	1.742	2.313	3.266	-48	20	68	76	108	48	56	8	0.444444444	0.518518519	0.074074074
2	3	21	21	70	80	2.004	2.004	1.413	2.54	3.507	--	-36	20	28	40	56	64	8	1.4	1.6	0.2
2	5	22	1	51	68	1.997	0.793	1.802	2.946	4.1	-76	-8	44	48	68	52	56	4	0.764705882	0.823529412	0.058823529
2	5	22	22	68	81	2.1	1.156	1.623	2.787	3.679	-56	-16	28	32	52	44	48	4	0.846153846	0.923076923	0.076923077
2	3	14	14	71	83	2.388	0.89	1.483	3.179	4.268	-72	-32	24	36	48	56	68	12	1.166666667	1.416666667	0.25
2	3	1	1	13	37	1.457	1.232	1.677	2.286	3.148	-44	20	64	72	96	44	52	8	0.458333333	0.541666667	0.083333333
2	3	14	1	37	53	1.764	0.857	1.596	2.502	3.663	-72	-8	36	40	64	44	48	4	0.6875	0.75	0.0625
2	3	16	11	42	56	2.148	1.167	1.947	3.085	3.941	-40	-8	32	40	56	40	48	8	0.714285714	0.857142857	0.142857143
2	5	31	22	68	82	2	0.999	1.889	3.282	4.67	-68	-4	36	40	56	40	44	4	0.714285714	0.785714286	0.071428571
2	5	24	11	51	62	2.393	2.1	1.764	3.068	4.352	--	-24	24	28	44	48	52	4	1.090909091	1.181818182	0.090909091
2	5	56	1	129	154	1.843	1.004	1.811	2.452	3.373	-68	-4	44	76	100	48	80	32	0.48	0.8	0.32
2	5	37	22	97	113	1.918	1.002	1.918	4.004	3.964	-52	0	48	44	64	48	44	-4	0.75	0.6875	-0.0625
2	2	15	15	72	96	1.701	1.159	1.778	2.508	3.587	-52	12	64	68	96	52	56	4	0.541666667	0.583333333	0.041666667
2	5	1	1	29	51	1.493	1.032	1.553	1.927	3.369	-60	4	44	64	88	40	60	20	0.454545455	0.681818182	0.227272727
2	2	15	15	96	115	1.63	0.937	1.476	2.82	4.232	-76	-16	48	52	76	64	68	4	0.842105263	0.894736842	0.052631579
2	3	13	13	43	56	1.952	1.263	1.824	2.861	3.685	-44	-8	32	36	52	40	44	4	0.769230769	0.846153846	0.076923077
2	2	25	1	63	96	1.737	0.774	1.651	2.211	3.225	-100	-8	44	80	132	52	88	36	0.393939394	0.666666667	0.272727273
2	3	25	14	70	84	2.331	1.085	1.677	3.128	5.073	-52	-20	24	40	56	44	60	16	0.785714286	1.071428571	0.285714286
2	3	11	11	57	71	2.026	1.027	1.635	3.163	4.032	-60	-20	36	40	56	56	60	4	1	1.071428571	0.071428571
2	5	11	1	8	28	1.63	1.52	1.975	2.716	4.692	-12	16	44	56	80	28	40	12	0.35	0.5	0.15
2	2	21	15	55	76	1.582	0.997	1.43	2.48	3.212	-72	-12	52	60	84	64	72	8	0.761904762	0.857142857	0.095238095
2	5	15	11	27	43	2.102	1.045	1.672	3.156	4.681	-56	-16	36	48	64	52	64	12	0.8125	1	0.1875
2	1	8	8	28	47	1.96	1.12	1.96	2.702	3.65	-60	0	40	56	76	40	56	16	0.526315789	0.736842105	0.210526316
2	1	1	1	27	42	1.671	1.057	1.71	2.029	2.938	-56	4	24	44	60	20	40	20	0.333333333	0.666666667	0.333333333
2	2	34	34	127	151	1.56	1.017	1.56	2.394	3.553	-52	0	60	72	96	60	72	12	0.625	0.75	0.125
2	5	30	1	68	89	1.912	0.686	1.703	2.645	3.307	-68	-16	48	52	84	64	68	4	0.761904762	0.80952381	0.047619048
2	2	1	1	119	136	2.384	1.444	2.166	2.943	3.975	-100	-16	32	40	68	48	56	8	0.705882353	0.823529412	0.117647059
2	2	34	34	111	127	1.832	2.034	1.932	2.432	3.282	--	4	32	40	64	28	36	8	0.4375	0.5625	0.125
2	1	8	1	9	29	1.938	2.24	2.099	3.04	3.968	--	8	52	52	80	44	44	0	0.55	0.55	0
2	3	13	11	31	43	2.384	1.098	2.197	3.334	3.991	-56	-4	32	32	48	36	36	0	0.75	0.75	0
2	3	14	14	53	70	1.78	0.882	1.656	3.152	4.562	-64	-4	44	44	68	48	48	0	0.705882353	0.705882353	0
2	5	32	22	81	103	1.824	0.984	1.824	2.703	3.513	-56	0	60	64	88	60	64	4	0.681818182	0.727272727	0.045454545
2	2	1	1	36	60	1.536	1.005	1.248	1.931	2.551	-84	-24	52	64	96	76	88	12	0.791666667	0.916666667	0.125
2	3	1	1	37	52	1.384	1.067	1.323	1.573	2.84	-44	-4	24	36	60	28	40	12	0.466666667	0.666666667	0.2
2	2	3	3	49	63	1.822	0.996	1.909	2.731	3.472	-52	4	36	36	56	32	32	0	0.571428571	0.571428571	0
2	1	1	1	9	27	1.941	2.115	2.082	2.701	3.793	--	12	40	52	72	28	40	12	0.388888889	0.555555556	0.166666667
2	5	22	22	114	127	2.312	1.284	1.888	3.281	4.814	-44	-16	28	32	52	44	48	4	0.846153846	0.923076923	0.076923077
2	2	27	15	71	96	1.889	1.252	1.889	3.095	4.768	-40	0	56	68	100	56	68	12	0.56	0.68	0.12
2	5	20	11	40	51	2.369	1.283	2.055	3.327	4.379	-44	-8	24	28	44	32	36	4	0.727272727	0.818181818	0.090909091
2	5	60	1	150	168	1.858	1.093	1.532	2.391	3.643	-72	-20	44	48	72	64	68	4	0.888888889	0.944444444	0.055555556
2	5	34	31	82	93	2.514	1.069	1.866	4.149	4.789	-52	-12	32	24	44	44	36	-8	1	0.818181818	-0.181818182
2	5	39	1	104	142	1.761	1.097	1.947	2.471	3.719	-80	12	56	96	152	44	84	40	0.289473684	0.552631579	0.263157895
2	1	14	8	28	46	1.883	1.12	1.781	2.837	3.687	-60	-4	48	48	72	52	52	0	0.722222222	0.722222222	0
2	2	3	3	13	31	1.558	1.095	1.72	2.44	3.512	-40	12	44	56	72	32	44	12	0.444444444	0.611111111	0.166666667
2	2	10	10	31	41	2.92	1.313	2.193	3.664	5.185	-48	-12	20	24	40	32	36	4	0.8	0.9	0.1
2	2	13	13	48	59	2.321	1.103	2.155	3.085	3.866	-56	-4	28	24	44	32	28	-4	0.727272727	0.636363636	-0.090909091
2	1	23	13	59	70	2.554	1.348	2.213	3.584	4.857	-44	-8	24	28	44	32	36	4	0.727272727	0.818181818	0.090909091
3	2	34	1	121	134	2.705	0.605	1.651	4.241	5.285	-48	-8	36	32	52	44	40	-4	0.846153846	0.769230769	-0.076923077
3	1	1	1	30	47	1.401	1.006	1.56	2.179	2.88	-56	12	48	36	68	36	24	-12	0.529411765	0.352941176	-0.176470588
3	3	32	1	126	155	1.703	1.121	1.504	3.479	4.572	-76	-16	88	80	116	104	96	-8	0.896551724	0.827586207	-0.068965517
3	2	29	29	120	136	2.067	1.328	2.067	3.461	4.372	-40	0	44	40	64	44	40	-4	0.6875	0.625	-0.0625
3	2	29	1	108	120	2.354	0.79	2.354	3.225	4.105	-48	0	28	32	48	28	32	4	0.583333333	0.666666667	0.083333333
3	1	6	6	33	48	2.047	1.15	1.968	2.732	3.762	-56	-4	28	44	60	32	48	16	0.533333333	0.8	0.266666667
3	2	19	19	105	119	2.006	1.486	1.923	2.824	3.576	-28	-4	36	44	56	40	48	8	0.714285714	0.857142857	0.142857143
3	2	34	34	144	160	2.265	1.306	1.979	3.357	4.328	-44	-8	44	44	64	52	52	0	0.8125	0.8125	0
3	2	24	19	98	108	2.891	1.878	2.593	3.575	4.627	-32	-8	20	20	40	28	28	0	0.7	0.7	0
3	3	6	6	30	43	2.134	2.134	2.082	3.028	3.913	--	-8	36	36	52	44	44	0	0.846153846	0.846153846	0
3	1	15	15	47	66	1.852	1.156	2.23	2.581	3.148	-56	20	48	44	76	28	24	-4	0.368421053	0.315789474	-0.052631579
3	1	15	1	30	48	2.004	1.035	2.004	2.676	3.825	-52	0	28	40	72	28	40	12	0.388888889	0.555555556	0.166666667
3	3	9	9	32	45	2.416	0.808	2.092	3.167	4.315	-72	-12	24	32	52	36	44	8	0.692307692	0.846153846	0.153846154
3	2	38	38	145	158	2.328	2.181	1.929	3.242	4.084	--	-16	28	28	52	44	44	0	0.846153846	0.846153846	0
3	3	28	28	93	125	1.961	1.3	2.1	2.627	4.129	-48	12	52	80	128	40	68	28	0.3125	0.53125	0.21875
3	1	11	11	30	51	1.685	1.004	1.619	2.411	3.172	-56	-4	48	60	84	52	64	12	0.619047619	0.761904762	0.142857143
3	2	19	1	85	98	2.715	0.707	1.393	4.587	5.863	-52	-16	32	32	52	48	48	0	0.923076923	0.923076923	0
3	1	19	15	48	66	1.894	1.199	2.166	2.3	2.901	-56	20	32	52	72	12	32	20	0.166666667	0.444444444	0.277777778
3	1	6	6	18	33	2.192	1.396	2.023	3.308	4.163	-44	-12	40	32	60	52	44	-8	0.866666667	0.733333333	-0.133333333
3	1	14	11	30	55	1.685	1.287	1.708	2.974	4.21	-28	4	68	60	100	64	56	-8	0.64	0.56	-0.08
3	2	18	16	83	95	2.561	1.337	2.013	3.745	4.742	-40	-12	32	32	48	44	44	0	0.916666667	0.916666667	0
3	1	12	6	18	31	2.381	1.803	2.552	2.981	3.76	-20	8	24	36	52	16	28	12	0.307692308	0.538461538	0.230769231
3	3	1	1	28	42	2.351	1.873	2.478	2.923	3.965	-20	8	28	32	56	20	24	4	0.357142857	0.428571429	0.071428571
3	3	15	1	41	58	2.062	1.288	1.69	3.594	4.207	-40	-12	52	36	68	64	48	-16	0.941176471	0.705882353	-0.235294118
3	2	35	34	134	146	2.479	1.586	2.408	3.046	4.194	-40	-4	20	28	48	24	32	8	0.5	0.666666667	0.166666667
3	2	1	1	38	57	1.417	0.908	1.769	2.164	3.54	-60	16	40	48	76	24	32	8	0.315789474	0.421052632	0.105263158
3	3	16	11	42	55	2.406	1.304	1.985	3.076	4.132	-52	-16	24	36	52	40	52	12	0.769230769	1	0.230769231
3	1	2	2	18	31	2.218	1.076	1.773	2.827	3.947	-56	-12	24	32	52	36	44	8	0.692307692	0.846153846	0.153846154
3	1	1	1	15	30	1.945	1.246	1.786	2.89	3.405	-44	-8	44	40	60	52	48	-4	0.866666667	0.8	-0.066666667
3	3	31	28	124	155	1.986	1.197	2.124	2.762	3.576	-88	8	80	96	124	72	88	16	0.580645161	0.709677419	0.129032258
3	3	14	9	32	47	2.405	0.655	1.759	3.551	4.638	-80	-24	40	40	60	64	64	0	1.066666667	1.066666667	0
3	3	1	1	42	59	1.792	1.215	2.66	2.772	4.128	-52	36	40	48	68	4	12	8	0.058823529	0.176470588	0.117647059
3	2	31	29	120	133	2.038	1.258	2.038	2.737	3.551	-44	0	28	28	52	28	28	0	0.538461538	0.538461538	0
3	3	28	28	124	153	2.05	1.197	1.97	2.448	3.713	-88	-4	40	72	116	44	76	32	0.379310345	0.655172414	0.275862069
3	2	1	1	57	71	1.377	1.042	1.377	2.364	3.625	-40	0	32	24	56	32	24	-8	0.571428571	0.428571429	-0.142857143
3	2	34	34	134	145	2.806	1.44	2.613	3.771	4.542	-48	-4	28	28	44	32	32	0	0.727272727	0.727272727	0
3	3	11	11	41	62	1.975	1.393	2.392	2.73	3.794	-40	28	40	60	84	12	32	20	0.142857143	0.380952381	0.238095238
3	2	14	14	71	83	2.447	1.39	2.447	3.79	4.79	-40	0	32	32	48	32	32	0	0.666666667	0.666666667	0
3	2	39	38	143	158	2.1	2.314	2.1	3.286	4.04	--	0	44	40	60	44	40	-4	0.733333333	0.666666667	-0.066666667
3	1	6	1	6	18	2.639	2.515	2.308	3.833	4.573	--	-12	32	32	48	44	44	0	0.916666667	0.916666667	0
3	3	1	1	98	126	1.691	1.069	1.785	2.479	3.384	-72	8	60	72	112	52	64	12	0.464285714	0.571428571	0.107142857
3	3	29	28	93	123	1.736	1.249	1.926	2.572	3.442	-52	28	68	68	120	40	40	0	0.333333333	0.333333333	0
3	3	10	6	18	30	2.412	1.849	1.657	3.101	4.291	--	-28	24	28	48	52	56	4	1.083333333	1.166666667	0.083333333
3	3	9	9	45	56	2.37	1.3	2.274	3.044	3.881	-44	-4	24	28	44	28	32	4	0.636363636	0.727272727	0.090909091
3	2	14	1	57	71	2.163	1.042	2.163	3.49	5.1	-40	0	32	28	56	32	28	-4	0.571428571	0.5	-0.071428571
4	3	19	14	39	59	1.644	1.187	1.974	2.413	4.01	-36	24	40	52	80	16	28	12	0.2	0.35	0.15
4	3	1	1	95	120	1.646	0.9	1.964	2.39	3.636	-68	20	48	76	100	28	56	28	0.28	0.56	0.28
4	4	18	18	88	104	1.578	1.009	1.578	2.867	4.287	-60	0	44	44	64	44	44	0	0.6875	0.6875	0
4	3	2	2	30	47	2.035	1.043	1.759	3.132	5.033	-68	-16	32	48	68	48	64	16	0.705882353	0.941176471	0.235294118
4	3	14	1	24	40	1.868	1.081	2.373	2.615	3.59	-40	24	32	40	64	8	16	8	0.125	0.25	0.125
4	2	26	21	62	92	1.571	0.864	1.906	2.223	3.402	-76	32	56	72	120	24	40	16	0.2	0.333333333	0.133333333
4	2	21	1	41	62	1.614	0.837	1.922	2.265	3.169	-60	20	40	56	84	20	36	16	0.238095238	0.428571429	0.19047619
4	1	7	1	18	31	2.469	2.307	1.568	3.39	4.5	--	-44	32	32	52	76	76	0	1.461538462	1.461538462	0
4	3	15	2	29	50	1.754	1.088	1.819	2.259	3.807	-60	8	36	56	84	28	48	20	0.333333333	0.571428571	0.238095238
4	4	18	1	60	88	1.611	0.689	1.707	2.461	3.43	-92	8	80	92	112	72	84	12	0.642857143	0.75	0.107142857
4	4	12	2	12	44	1.854	1.96	1.609	2.601	3.409	--	-16	64	104	128	80	120	40	0.625	0.9375	0.3125
4	2	1	1	23	41	1.497	0.991	1.609	2.106	2.644	-64	8	40	44	72	32	36	4	0.444444444	0.5	0.055555556
4	2	2	2	11	24	2.071	1.844	1.74	2.721	3.638	--	-16	24	28	52	40	44	4	0.769230769	0.846153846	0.076923077
4	3	40	1	96	122	1.735	1.15	1.767	2.601	3.877	-48	4	56	76	104	52	72	20	0.5	0.692307692	0.192307692
4	2	21	21	101	125	1.858	0.965	1.619	2.739	4.583	-112	-20	48	72	96	68	92	24	0.708333333	0.958333333	0.25
4	2	28	28	101	125	1.575	1.911	1.616	2.27	3.556	--	4	48	48	96	44	44	0	0.458333333	0.458333333	0
4	2	8	1	6	25	1.876	2.06	1.825	2.628	3.517	--	-4	40	48	76	44	52	8	0.578947368	0.684210526	0.105263158
4	2	3	3	11	28	2.162	2.067	1.835	3.105	3.813	--	-16	48	52	68	64	68	4	0.941176471	1	0.058823529
4	3	23	23	69	81	2.652	2.322	2.099	3.25	5.025	--	-16	16	32	48	32	48	16	0.666666667	1	0.333333333
4	3	10	3	9	33	1.935	2.492	1.988	2.539	3.511	--	4	36	76	96	32	72	40	0.333333333	0.75	0.416666667
4	2	8	8	26	56	1.873	0.996	1.907	2.741	3.284	-76	16	84	92	120	68	76	8	0.566666667	0.633333333	0.066666667
4	3	35	35	95	113	1.883	2.287	1.883	2.287	3.793	--	0	24	40	72	24	40	16	0.333333333	0.555555556	0.222222222
4	2	1	1	6	23	1.867	2.032	1.754	2.591	3.242	--	-4	36	44	68	40	48	8	0.588235294	0.705882353	0.117647059
4	3	31	31	83	96	2.06	2.06	1.789	2.453	3.325	--	-12	20	32	52	32	44	12	0.615384615	0.846153846	0.230769231
4	3	14	14	57	68	2.667	1.265	2.335	3.506	4.825	-48	-12	20	28	44	32	40	8	0.727272727	0.909090909	0.181818182
4	3	14	14	68	79	2.387	1.333	2.15	3.037	4.312	-44	-8	20	28	44	28	36	8	0.636363636	0.818181818	0.181818182
4	4	1	1	32	60	1.256	1.019	1.353	2.077	2.719	-80	8	64	84	112	56	76	20	0.5	0.678571429	0.178571429
4	3	3	3	9	41	1.603	2.122	2.007	2.037	3.683	--	44	48	96	128	4	52	48	0.03125	0.40625	0.375
4	3	35	31	83	95	2.05	1.789	1.681	2.822	3.661	--	-16	24	32	48	40	48	8	0.833333333	1	0.166666667
4	2	30	28	101	122	1.744	2.231	1.952	2.82	4.102	--	16	52	48	84	36	32	-4	0.428571429	0.380952381	-0.047619048
4	3	31	31	96	119	1.635	1.891	1.868	2.119	3.433	--	20	40	52	92	20	32	12	0.217391304	0.347826087	0.130434783
4	2	2	2	24	39	1.962	0.965	1.482	2.965	4.04	-60	-20	36	40	60	56	60	4	0.933333333	1	0.066666667
4	3	28	23	68	83	2.401	1.119	2.401	3.223	4.666	-56	0	32	36	60	32	36	4	0.533333333	0.6	0.066666667
4	1	1	1	18	31	2.787	1.44	1.995	3.558	5.445	-60	-20	20	28	52	40	48	8	0.769230769	0.923076923	0.153846154
4	3	1	1	120	147	1.821	2.065	1.877	2.453	3.929	--	4	48	76	108	44	72	28	0.407407407	0.666666667	0.259259259
4	3	1	1	80	95	2.021	1.544	1.892	2.558	3.31	-44	-4	32	40	60	36	44	8	0.6	0.733333333	0.133333333
4	4	1	1	13	32	2.037	2.037	2.067	2.333	2.933	--	-8	28	44	76	36	52	16	0.473684211	0.684210526	0.210526316
4	4	11	1	13	40	1.695	1.595	1.583	1.856	3.125	--	-24	32	64	108	56	88	32	0.518518519	0.814814815	0.296296296
4	2	11	2	11	26	1.965	1.862	1.74	2.485	3.531	--	-16	24	36	60	40	52	12	0.666666667	0.866666667	0.2
4	3	41	31	96	114	1.691	2.109	1.737	2.179	3.099	--	8	32	48	72	24	40	16	0.333333333	0.555555556	0.222222222
5	4	18	15	35	51	2.066	1.042	1.733	3.104	4.394	-60	-12	40	44	64	52	56	4	0.8125	0.875	0.0625
5	5	1	1	18	33	2.368	1.305	2.079	3.635	4.606	-60	-12	32	40	60	44	52	8	0.733333333	0.866666667	0.133333333
5	1	14	14	41	59	2.037	2.035	1.977	2.547	3.412	--	-4	32	48	72	36	52	16	0.5	0.722222222	0.222222222
5	4	17	17	64	83	1.672	1.043	1.802	2.556	3.444	-48	4	44	52	76	40	48	8	0.526315789	0.631578947	0.105263158
5	1	3	3	19	35	2.079	1.208	1.992	2.988	3.884	-56	-4	36	44	64	40	48	8	0.625	0.75	0.125
5	1	1	1	24	40	1.685	1.047	1.598	2.556	3.186	-56	-4	44	48	64	48	52	4	0.75	0.8125	0.0625
5	4	1	1	117	131	1.693	0.948	2.084	2.558	3.583	-56	12	28	36	56	16	24	8	0.285714286	0.428571429	0.142857143
5	1	33	33	109	124	2.061	1.108	1.905	2.797	3.673	-52	-4	36	40	60	40	44	4	0.666666667	0.733333333	0.066666667
5	2	21	1	64	74	3.01	0.843	1.676	4.023	5.662	-68	-20	20	24	40	40	44	4	1	1.1	0.1
5	1	33	1	91	109	1.938	0.905	1.506	2.519	4.114	-88	-20	32	48	72	52	68	16	0.722222222	0.944444444	0.222222222
5	2	30	27	97	116	1.676	2.212	2.071	2.73	3.313	--	24	52	48	76	28	24	-4	0.368421053	0.315789474	-0.052631579
5	4	29	29	84	104	1.614	1.257	2.236	2.756	3.891	-24	28	48	56	80	20	28	8	0.25	0.35	0.1
5	5	29	29	105	122	1.566	1.086	1.813	2.756	4.13	-36	12	40	48	68	28	36	8	0.411764706	0.529411765	0.117647059
5	2	23	1	75	87	2.623	1.58	1.427	3.605	4.504	--	-20	28	28	48	48	48	0	1	1	0
5	2	48	38	153	168	1.886	1.157	1.875	3.002	3.941	-44	4	40	36	60	36	32	-4	0.6	0.533333333	-0.066666667
5	5	20	16	44	60	2.222	1.111	2.126	3.106	4.213	-48	-4	36	36	64	40	40	0	0.625	0.625	0
5	5	24	24	71	87	1.897	1.244	1.972	2.367	3.663	-40	4	24	44	64	20	40	20	0.3125	0.625	0.3125
5	2	41	41	138	155	1.979	1.242	2.051	3.052	4.324	-40	4	40	48	68	36	44	8	0.529411765	0.647058824	0.117647059
5	5	43	29	122	134	2.017	0.962	1.777	3.062	4.217	-52	-8	28	28	48	36	36	0	0.75	0.75	0
5	4	15	1	20	35	2.084	1.092	1.8	3.193	4.071	-60	-8	40	40	60	48	48	0	0.8	0.8	0
5	4	32	29	84	108	1.492	1.151	1.817	2.392	3.501	-36	28	60	80	96	32	52	20	0.333333333	0.541666667	0.208333333
5	2	21	21	84	93	2.827	2.035	1.928	3.553	4.488	--	-24	20	24	36	44	48	4	1.222222222	1.333333333	0.111111111
5	2	46	38	138	152	1.917	1.176	2.113	2.61	3.565	-40	12	32	28	56	20	16	-4	0.357142857	0.285714286	-0.071428571
5	1	30	28	79	100	1.674	0.951	1.719	2.92	4.111	-60	4	56	60	84	52	56	4	0.619047619	0.666666667	0.047619048
5	2	1	1	23	46	1.789	1.134	1.732	2.408	3.42	-68	-4	64	72	92	68	76	8	0.739130435	0.826086957	0.086956522
5	1	20	20	59	83	1.733	1.884	1.601	2.316	3.845	--	-8	44	68	96	52	76	24	0.541666667	0.791666667	0.25
5	5	37	29	105	126	1.711	1.15	2.391	3.145	4.227	-28	28	56	52	84	28	24	-4	0.333333333	0.285714286	-0.047619048
5	4	26	17	64	81	1.794	1.012	1.935	2.749	4.943	-52	4	32	48	68	28	44	16	0.411764706	0.647058824	0.235294118
5	4	36	1	97	125	1.407	1.032	1.751	2.209	3.1	-40	24	64	92	112	40	68	28	0.357142857	0.607142857	0.25
5	5	24	1	59	71	2.217	1.001	2.043	2.849	3.758	-56	-4	20	32	48	24	36	12	0.5	0.75	0.25
5	5	32	24	86	106	1.821	1.017	1.895	2.645	3.366	-52	4	52	60	80	48	56	8	0.6	0.7	0.1
5	5	29	29	90	105	1.573	1.344	1.991	2.173	3.277	-20	20	28	36	60	8	16	8	0.133333333	0.266666667	0.133333333
5	5	16	1	32	44	2.221	1.451	2.162	3.402	4.093	-44	-4	32	36	48	36	40	4	0.75	0.833333333	0.083333333
5	4	1	1	98	117	1.582	0.703	1.58	2.37	3.607	-80	4	44	56	76	40	52	12	0.526315789	0.684210526	0.157894737
5	4	29	29	104	124	1.912	1.167	2.029	2.535	3.961	-48	12	40	56	80	28	44	16	0.35	0.55	0.2
5	5	13	1	17	35	1.965	1.326	1.849	3.717	5.012	-52	-4	48	60	72	52	64	12	0.722222222	0.888888889	0.166666667
5	2	8	2	5	27	2.064	2.221	2.182	3.526	4.45	--	4	60	64	88	56	60	4	0.636363636	0.681818182	0.045454545
5	4	1	1	82	99	1.661	1.056	1.968	2.235	3.103	-36	12	32	36	68	20	24	4	0.294117647	0.352941176	0.058823529
5	4	42	29	104	120	1.98	1.167	1.881	2.779	3.914	-48	-4	28	44	64	32	48	16	0.5	0.75	0.25
5	2	27	27	97	119	1.628	1.284	2.282	2.742	3.544	-24	36	60	68	88	24	32	8	0.272727273	0.363636364	0.090909091
5	2	33	33	111	123	2.119	2.233	2.119	3.017	3.843	--	0	28	28	48	28	28	0	0.583333333	0.583333333	0
5	2	22	21	74	87	2.677	2.54	2.451	3.813	5.261	--	-8	28	32	52	36	40	4	0.692307692	0.769230769	0.076923077
5	5	1	1	33	46	2.265	1.923	1.872	2.901	4.587	--	-24	24	36	52	48	60	12	0.923076923	1.153846154	0.230769231
5	5	48	41	141	158	2.163	1.192	2.276	2.962	3.959	-56	4	36	44	68	32	40	8	0.470588235	0.588235294	0.117647059
5	2	23	23	87	102	2.228	2.075	1.881	3.257	4.102	--	-16	36	40	60	52	56	4	0.866666667	0.933333333	0.066666667
5	2	47	1	140	166	1.553	1.021	1.813	2.186	2.88	-40	36	60	72	104	24	36	12	0.230769231	0.346153846	0.115384615
5	1	2	2	51	65	1.963	1.87	1.645	2.856	3.492	--	-20	36	40	56	56	60	4	1	1.071428571	0.071428571
5	1	20	1	40	59	1.914	0.874	1.738	2.751	3.501	-60	-8	44	52	76	52	60	8	0.684210526	0.789473684	0.105263158
5	1	20	20	82	98	1.973	1.002	1.973	3.134	4.104	-68	0	40	44	64	40	44	4	0.625	0.6875	0.0625
5	4	1	1	22	35	1.991	1.092	1.851	2.796	3.781	-68	-8	28	32	52	36	40	4	0.692307692	0.769230769	0.076923077
5	1	19	14	41	58	2.132	2.211	2.045	2.649	3.513	--	-4	28	44	68	32	48	16	0.470588235	0.705882353	0.235294118
5	4	17	17	48	64	1.817	1.093	2.023	2.381	3.466	-48	12	28	44	64	16	32	16	0.25	0.5	0.25
5	4	11	2	18	41	1.765	1.123	2.373	3.007	4.363	-48	28	56	60	92	28	32	4	0.304347826	0.347826087	0.043478261
5	5	1	1	146	163	1.756	1.031	1.611	2.438	3.588	-80	-8	32	48	68	40	56	16	0.588235294	0.823529412	0.235294118
5	4	22	17	48	65	1.867	1.093	1.942	2.355	3.147	-48	12	32	40	68	20	28	8	0.294117647	0.411764706	0.117647059
5	4	23	23	64	86	1.864	1.087	2.076	2.722	4.344	-48	12	48	60	88	36	48	12	0.409090909	0.545454545	0.136363636
5	1	1	1	91	111	1.809	1.025	1.764	2.562	3.539	-64	-4	36	52	80	40	56	16	0.5	0.7	0.2
5	4	23	1	50	64	2.129	1.874	1.319	2.654	3.716	--	-24	28	32	56	52	56	4	0.928571429	1	0.071428571
5	5	22	21	58	72	2.358	2.553	2.122	2.935	3.925	--	-8	24	32	56	32	40	8	0.571428571	0.714285714	0.142857143
5	5	27	24	71	86	1.861	1.861	1.724	2.489	3.868	--	-8	24	40	60	32	48	16	0.533333333	0.8	0.266666667
5	2	34	33	111	124	2.079	2.207	1.722	3.198	3.912	--	-12	32	32	52	44	44	0	0.846153846	0.846153846	0
5	5	41	1	121	141	1.984	1.016	1.796	2.648	3.9	-80	-8	36	48	80	44	56	12	0.55	0.7	0.15
5	2	26	23	87	101	2.275	1.802	1.545	3.324	4.575	--	-32	32	32	56	64	64	0	1.142857143	1.142857143	0
5	1	28	28	79	107	1.628	0.992	1.71	2.324	3.598	-56	8	52	72	112	44	64	20	0.392857143	0.571428571	0.178571429
5	4	17	1	35	48	2.074	0.971	1.981	2.77	3.684	-56	-4	28	32	52	32	36	4	0.615384615	0.692307692	0.076923077
5	5	1	1	121	146	1.938	1.086	1.979	2.423	3.746	-68	12	48	68	100	36	56	20	0.36	0.56	0.2
5	2	1	1	46	64	1.581	1.001	1.47	3.353	4.985	-56	-4	52	56	72	56	60	4	0.777777778	0.833333333	0.055555556
5	5	50	1	146	165	1.99	1.031	1.953	2.379	4.081	-80	-4	20	52	76	24	56	32	0.315789474	0.736842105	0.421052632
5	2	38	38	126	138	2.133	2.239	2.084	2.814	3.906	--	-4	24	24	48	28	28	0	0.583333333	0.583333333	0
5	1	14	1	24	41	2.052	1.047	2.281	3.002	4.168	-56	8	36	44	68	28	36	8	0.411764706	0.529411765	0.117647059
5	4	23	23	86	102	2.253	1.021	2.027	2.71	4	-72	-8	24	48	64	32	56	24	0.5	0.875	0.375
5	5	33	27	86	99	2.029	1.079	2.029	2.585	4.069	-48	0	20	32	52	20	32	12	0.384615385	0.615384615	0.230769231
5	4	1	1	35	50	1.708	0.893	1.774	2.493	3.587	-64	4	32	36	60	28	32	4	0.466666667	0.533333333	0.066666667
5	4	1	1	131	146	1.728	1.042	2.419	2.899	3.786	-44	24	40	40	60	16	16	0	0.266666667	0.266666667	0
5	2	41	38	126	138	2.208	2.485	2.208	2.991	3.76	--	0	24	24	48	24	24	0	0.5	0.5	0
5	1	1	1	75	91	2.049	1.004	2.049	2.673	3.747	-68	0	32	40	64	32	40	8	0.5	0.625	0.125
5	4	15	15	35	53	2.005	2.037	1.884	2.665	3.443	--	-4	40	44	72	44	48	4	0.611111111	0.666666667	0.055555556
5	1	40	33	109	124	2.053	1.051	2.226	2.984	4.281	-64	8	32	36	60	24	28	4	0.4	0.466666667	0.066666667
5	2	1	1	10	23	2.494	2.367	2.162	3.205	3.98	--	-20	32	32	52	52	52	0	1	1	0
5	2	38	38	138	153	1.989	1.066	1.989	3.137	3.841	-48	0	40	40	60	40	40	0	0.666666667	0.666666667	0
5	5	21	1	46	58	2.457	1.766	1.517	3.408	4.798	--	-24	24	24	48	48	48	0	1	1	0
5	2	2	2	5	21	1.909	2.139	1.941	2.412	3.561	--	4	24	40	64	20	36	16	0.3125	0.5625	0.25
5	2	21	21	74	84	2.985	2.011	1.78	4.069	5.56	--	-28	20	28	40	48	56	8	1.2	1.4	0.2
5	1	12	3	20	34	2.03	1.955	1.711	2.527	3.663	--	-12	20	36	56	32	48	16	0.571428571	0.857142857	0.285714286
5	4	28	23	64	80	1.853	0.996	2.035	2.44	3.388	-60	8	28	36	64	20	28	8	0.3125	0.4375	0.125
5	5	41	41	141	160	1.737	1.117	1.815	2.338	3.648	-64	4	32	48	76	28	44	16	0.368421053	0.578947368	0.210526316
5	4	2	2	18	41	1.714	1.165	2.096	2.602	3.486	-44	28	56	60	92	28	32	4	0.304347826	0.347826087	0.043478261
6	5	34	25	130	144	2.193	2.001	1.892	2.705	3.458	--	-8	32	32	56	40	40	0	0.714285714	0.714285714	0
6	2	19	9	47	60	2	1.283	1.895	3.026	4.169	-40	-4	28	36	52	32	40	8	0.615384615	0.769230769	0.153846154
6	5	25	25	115	130	2.437	2.128	2.032	3.048	4.705	--	-16	24	36	60	40	52	12	0.666666667	0.866666667	0.2
6	5	14	6	49	67	2.144	2.414	1.97	3.616	4.87	--	-12	52	56	72	64	68	4	0.888888889	0.944444444	0.055555556
6	5	32	1	114	134	1.972	2.055	1.876	2.542	3.649	--	-4	28	44	80	32	48	16	0.4	0.6	0.2
6	5	6	1	12	49	1.652	2.163	1.949	2.606	3.977	--	28	84	116	148	56	88	32	0.378378378	0.594594595	0.216216216
6	5	2	2	31	45	2.287	1.383	2.391	2.693	3.913	-52	4	16	28	56	12	24	12	0.214285714	0.428571429	0.214285714
6	5	12	12	69	82	2.119	2.229	2.037	2.439	3.302	--	-4	20	28	52	24	32	8	0.461538462	0.615384615	0.153846154
6	5	20	1	76	108	2.055	1.071	1.884	2.678	3.96	-96	-16	64	92	128	80	108	28	0.625	0.84375	0.21875
6	5	40	37	146	168	1.873	2.151	2.028	2.673	3.666	--	16	56	56	88	40	40	0	0.454545455	0.454545455	0
6	5	2	2	10	30	1.928	2.418	2.037	2.69	4.132	--	8	36	48	80	28	40	12	0.35	0.5	0.15
6	5	31	31	127	140	2.186	1.274	2.186	2.937	4.163	-52	0	24	36	52	24	36	12	0.461538462	0.692307692	0.230769231
6	2	2	2	12	25	2.296	1.694	2.296	2.662	3.982	-40	0	16	24	52	16	24	8	0.307692308	0.461538462	0.153846154
6	5	31	25	114	126	2.47	2.345	2.121	2.911	4.036	--	-12	16	24	48	28	36	8	0.583333333	0.75	0.166666667
6	5	6	6	70	82	2.123	0.883	1.957	2.721	3.747	-84	-8	20	32	48	28	40	12	0.583333333	0.833333333	0.25
6	5	25	1	95	114	1.942	2.374	2.168	3.525	4.816	--	12	52	56	76	40	44	4	0.526315789	0.578947368	0.052631579
6	5	19	19	84	103	1.62	2.178	1.955	2.75	4.173	--	16	44	60	76	28	44	16	0.368421053	0.578947368	0.210526316
6	2	13	2	25	41	2.046	1.233	2.469	3.009	3.877	-48	20	40	40	64	20	20	0	0.3125	0.3125	0
6	5	1	1	42	76	1.696	1.827	1.769	2.898	3.499	--	28	100	104	136	72	76	4	0.529411765	0.558823529	0.029411765
6	2	10	2	12	29	1.848	1.456	2.086	3.564	4.294	-28	8	52	36	68	44	28	-16	0.647058824	0.411764706	-0.235294118
6	2	1	1	10	50	2.384	2.329	2.408	2.658	3.291	--	4	104	104	160	100	100	0	0.625	0.625	0
6	5	19	12	70	84	2.124	2.096	1.77	2.653	3.341	--	-16	28	36	56	44	52	8	0.785714286	0.928571429	0.142857143
6	5	2	2	45	62	2.062	1.414	2.354	2.643	3.595	-40	12	28	44	68	16	32	16	0.235294118	0.470588235	0.235294118
6	5	25	25	130	146	2.512	2.694	2.62	2.967	3.681	--	12	32	44	64	20	32	12	0.3125	0.5	0.1875
6	5	35	32	134	155	1.72	2.117	1.987	2.246	3.32	--	16	36	48	84	20	32	12	0.238095238	0.380952381	0.142857143
6	5	32	32	134	157	1.929	1.925	1.687	2.646	3.996	--	-24	52	48	92	76	72	-4	0.826086957	0.782608696	-0.043478261
6	5	6	6	49	69	1.833	1.967	1.656	2.951	4.277	--	-12	48	52	80	60	64	4	0.75	0.8	0.05
6	5	12	1	42	69	1.567	1.191	1.576	2.84	4.215	-68	16	76	84	108	60	68	8	0.555555556	0.62962963	0.074074074
6	2	9	9	28	48	1.773	1.08	2.001	2.989	4.43	-52	8	48	60	80	40	52	12	0.5	0.65	0.15
6	2	2	2	25	44	1.936	1.218	2.459	2.567	3.285	-44	28	36	44	76	8	16	8	0.105263158	0.210526316	0.105263158
6	5	7	2	10	36	1.798	2.106	1.911	2.612	4.156	--	12	52	84	104	40	72	32	0.384615385	0.692307692	0.307692308
6	5	9	2	30	52	1.938	1.07	2.161	3.237	4.435	-64	8	64	68	88	56	60	4	0.636363636	0.681818182	0.045454545
6	5	12	12	82	104	1.723	2.058	1.922	2.516	3.371	--	24	56	56	88	32	32	0	0.363636364	0.363636364	0
6	2	9	1	10	28	1.939	2.19	2.055	2.265	3.706	--	8	20	40	72	12	32	20	0.166666667	0.444444444	0.277777778
6	2	9	9	47	61	2.171	1.394	2.312	3.522	4.886	-40	4	32	40	56	28	36	8	0.5	0.642857143	0.142857143
7	4	28	24	80	99	1.893	2.055	1.709	2.753	3.985	--	-8	36	44	76	44	52	8	0.578947368	0.684210526	0.105263158
7	4	40	35	135	152	1.958	1.142	1.831	3.024	4.671	-44	-4	36	36	68	40	40	0	0.588235294	0.588235294	0
7	4	2	2	16	30	2.065	2.679	2.436	3.039	3.948	--	12	32	40	56	20	28	8	0.357142857	0.5	0.142857143
7	4	32	24	98	117	1.891	0.938	1.986	3.002	4.037	-72	4	52	52	76	48	48	0	0.631578947	0.631578947	0
7	4	26	20	72	92	1.833	0.98	1.955	2.432	3.423	-68	8	40	48	80	32	40	8	0.4	0.5	0.1
7	4	29	1	89	107	1.704	0.954	1.833	2.46	3.744	-64	8	36	40	72	28	32	4	0.388888889	0.444444444	0.055555556
7	4	11	11	37	56	2.115	2.115	1.788	2.511	3.782	--	-12	24	44	76	36	56	20	0.473684211	0.736842105	0.263157895
7	4	1	1	35	52	2.233	2.316	2.185	2.905	3.663	--	-4	44	44	68	48	48	0	0.705882353	0.705882353	0
7	5	1	1	4	17	3.341	3.411	3.341	4.072	4.62	--	0	32	32	52	32	32	0	0.615384615	0.615384615	0
7	4	1	1	52	68	1.895	1.283	2.099	2.567	3.539	-52	12	32	48	64	20	36	16	0.3125	0.5625	0.25
7	4	29	29	106	121	1.921	1.077	2.257	2.793	3.952	-52	12	32	36	60	20	24	4	0.333333333	0.4	0.066666667
7	4	20	1	52	72	1.768	1.081	1.768	2.788	3.771	-64	0	44	52	80	44	52	8	0.55	0.65	0.1
7	4	16	1	35	50	1.991	2.152	1.847	2.33	3.211	--	-8	20	36	60	28	44	16	0.466666667	0.733333333	0.266666667
7	4	16	16	50	77	1.551	2.091	1.991	2.091	3.181	--	44	52	80	108	8	36	28	0.074074074	0.333333333	0.259259259
7	4	17	17	51	64	2.036	2.147	1.937	2.825	3.744	--	-4	28	32	52	32	36	4	0.615384615	0.692307692	0.076923077
7	4	1	1	124	143	2.025	0.99	2.021	2.84	3.627	-56	4	52	52	76	48	48	0	0.631578947	0.631578947	0
7	4	18	16	50	71	1.659	1.143	1.789	2.712	3.719	-48	12	52	60	84	40	48	8	0.476190476	0.571428571	0.095238095
7	4	17	11	37	51	2.154	0.994	1.921	3.22	4.134	-68	-8	36	36	56	44	44	0	0.785714286	0.785714286	0
7	5	7	1	3	15	2.214	2.29	2.143	2.516	3.126	--	-4	20	24	48	24	28	4	0.5	0.583333333	0.083333333
7	4	20	20	72	91	1.938	1.109	1.938	2.65	3.864	-60	0	36	52	76	36	52	16	0.473684211	0.684210526	0.210526316
7	4	35	35	122	135	2.023	2.275	2.148	2.687	3.841	--	4	20	24	52	16	20	4	0.307692308	0.384615385	0.076923077
7	4	1	1	143	163	1.865	1.116	1.782	2.629	3.869	-60	-4	44	60	80	48	64	16	0.6	0.8	0.2
7	4	44	1	143	160	1.762	1.013	1.601	2.45	3.345	-64	-8	36	44	68	44	52	8	0.647058824	0.764705882	0.117647059
7	4	1	1	68	88	1.467	0.947	1.579	2.037	2.778	-44	12	52	60	80	40	48	8	0.5	0.6	0.1
7	4	24	24	98	116	1.849	2.022	1.903	2.794	3.953	--	4	40	44	72	36	40	4	0.5	0.555555556	0.055555556
7	4	2	2	5	16	2.296	2.296	2.173	3.329	4.062	--	-4	28	24	44	32	28	-4	0.727272727	0.636363636	-0.090909091
7	4	12	7	20	33	2.549	2.549	2.364	3.095	4.334	--	-4	20	32	52	24	36	12	0.461538462	0.692307692	0.230769231
7	4	24	1	68	80	2.072	1.35	2.298	2.549	3.718	-44	8	16	24	48	8	16	8	0.166666667	0.333333333	0.166666667
7	4	11	1	20	37	1.964	1.276	1.865	3.152	4.269	-48	-4	44	48	68	48	52	4	0.705882353	0.764705882	0.058823529
7	4	1	1	20	35	2.842	2.731	2.623	3.725	4.224	--	-8	40	40	60	48	48	0	0.8	0.8	0
7	4	7	7	32	52	1.99	2.267	1.802	2.828	3.429	--	-8	52	60	80	60	68	8	0.75	0.85	0.1
7	4	35	35	135	152	1.884	1.133	1.923	2.701	3.909	-44	4	32	36	68	28	32	4	0.411764706	0.470588235	0.058823529
7	4	29	29	121	137	2.025	1.229	2.19	3.143	4.504	-40	4	36	44	64	32	40	8	0.5	0.625	0.125
8	1	2	2	7	27	2.056	1.829	1.67	2.469	3.926	--	-16	24	48	80	40	64	24	0.5	0.8	0.3
