Pos	Channel	Cell	MothCell	BirthFr	DivFr	Lb	Lri	Lrt	Lc	Ld	Tri	Trt	Tc	Td	Tc-Trt	(Tc-Trt)/ Td
1	1	1	1	43	79	2.379	2.427	3.427	3.648	4.377	8	92	104	144	12	0.083333333
1	1	1	1	79	126	2.436	2.484	3.839	3.758	4.497	4	132	128	188	-4	-0.021276596
1	1	1	1	184	226	2.589	2.626	3.291	3.974	4.778	4	80	128	168	48	0.285714286
1	1	1	1	226	249	2.68	2.358	3.188	3.698	4.381	-28	36	64	92	28	0.304347826
1	1	1	1	249	283	2.414	2.457	3.413	3.475	4.233	4	88	92	136	4	0.029411765
1	1	2	2	44	72	2.06	1.914	2.707	3.062	3.687	-12	48	72	112	24	0.214285714
1	1	8	1	43	78	1.906	1.961	2.848	2.887	3.64	12	88	92	140	4	0.028571429
1	1	8	8	78	126	1.789	2.304	2.95	2.905	3.747	72	136	132	192	-4	-0.020833333
1	1	14	1	79	120	1.941	1.97	2.708	3.054	3.925	4	80	112	164	32	0.195121951
1	1	17	17	180	212	2.223	1.769	2.74	2.86	3.523	-48	64	72	128	8	0.0625
1	1	22	1	184	234	2.158	2.134	3.124	3.429	4.484	-4	104	132	200	28	0.14
1	1	26	1	226	248	2.098	1.907	2.606	2.753	3.451	-20	40	52	88	12	0.136363636
1	1	26	26	248	288	1.698	1.946	2.757	2.827	3.707	36	104	112	160	8	0.05
1	1	28	26	248	277	1.753	1.847	2.638	2.804	3.21	8	76	84	116	8	0.068965517
1	1	29	1	249	279	1.967	2.151	2.972	3.022	3.508	16	80	88	120	8	0.066666667
1	2	1	1	275	296	2.592	2.039	2.792	2.993	3.839	-44	20	40	84	20	0.238095238
1	2	2	2	54	87	1.674	1.615	2.362	2.699	3.353	-8	68	92	132	24	0.181818182
1	2	3	3	35	73	1.827	1.964	2.752	2.938	3.694	20	92	104	152	12	0.078947368
1	2	12	2	54	84	2.066	2.037	2.822	3.032	3.559	-4	64	80	120	16	0.133333333
1	2	16	2	87	123	1.696	1.696	2.646	2.756	3.172	0	100	108	144	8	0.055555556
1	2	17	17	210	237	1.939	1.254	2.012	2.508	3.304	-68	8	64	108	56	0.518518519
1	2	24	1	196	245	1.882	1.473	2.03	2.609	3.754	-68	24	112	196	88	0.448979592
1	2	27	17	210	227	2.27	1.517	2.326	2.723	3.45	-64	4	32	68	28	0.411764706
1	2	32	24	245	283	1.969	1.631	2.395	2.704	3.667	-40	60	96	152	36	0.236842105
1	4	1	1	59	95	2.19	1.84	2.642	3.127	4.12	-36	44	92	144	48	0.333333333
1	4	1	1	95	120	2.325	1.799	2.682	2.95	3.566	-48	28	48	100	20	0.2
1	4	1	1	120	192	1.891	1.987	3.039	3.509	4.354	20	176	240	288	64	0.222222222
1	4	1	1	192	223	2.324	1.717	2.459	3.244	4.332	-88	12	76	124	64	0.516129032
1	4	1	1	223	249	2.282	1.709	2.581	2.943	3.72	-48	28	56	104	28	0.269230769
1	4	1	1	249	290	2	2.14	3.143	3.201	3.818	16	112	116	164	4	0.024390244
1	4	3	3	15	59	1.892	2.215	3.25	3.316	4.009	40	120	124	176	4	0.022727273
1	4	8	3	15	57	1.477	1.577	2.682	2.657	3.172	16	128	124	168	-4	-0.023809524
1	4	10	1	59	99	2.046	1.719	2.612	3.036	4.278	-36	48	92	160	44	0.275
1	4	10	10	99	125	2.052	1.583	2.347	2.603	3.584	-52	32	52	104	20	0.192307692
1	4	10	10	125	152	1.789	1.618	2.521	2.687	3.35	-16	56	64	108	8	0.074074074
1	4	14	1	95	125	1.794	1.388	2.065	2.569	3.359	-48	24	68	120	44	0.366666667
1	4	14	14	125	165	1.66	1.692	2.408	3.011	3.944	4	80	120	160	40	0.25
1	4	14	14	165	191	2.042	1.682	2.392	2.789	3.557	-28	32	60	104	28	0.269230769
1	4	16	1	120	176	1.676	1.847	2.524	2.946	4.103	28	124	160	224	36	0.160714286
1	4	18	14	125	158	1.699	1.546	2.447	2.569	3.254	-16	72	80	132	8	0.060606061
1	4	22	14	165	191	1.902	1.528	2.472	2.841	3.67	-32	40	64	104	24	0.230769231
1	4	23	16	176	215	2.069	1.887	2.473	3.561	4.536	-16	44	116	156	72	0.461538462
1	4	26	1	192	228	2.03	1.5	2.169	3.163	4.306	-88	16	92	144	76	0.527777778
1	4	26	26	228	246	2.161	1.418	2.21	2.445	3.219	-76	4	20	72	16	0.222222222
1	4	26	26	246	283	1.639	1.734	2.404	2.52	3.286	20	84	96	148	12	0.081081081
1	4	29	1	223	247	2.05	1.568	2.323	2.559	3.17	-44	32	52	96	20	0.208333333
1	4	29	29	247	295	1.605	1.649	2.749	2.842	4.049	4	128	136	192	8	0.041666667
1	4	30	26	228	252	2.145	1.387	2.1	2.855	3.489	-80	-4	56	96	60	0.625
1	4	31	1	249	295	1.72	1.802	2.689	2.94	3.812	12	124	140	184	16	0.086956522
1	5	2	2	143	183	1.896	2.166	3.245	3.29	3.941	32	116	120	160	4	0.025
1	5	9	9	84	118	1.83	1.613	2.288	2.446	3.412	-24	52	72	136	20	0.147058824
1	5	14	2	108	146	1.569	1.929	2.409	2.598	3.127	40	92	112	152	20	0.131578947
1	5	21	21	246	277	1.721	1.433	2.192	2.379	3.102	-32	52	72	124	20	0.161290323
2	3	1	1	79	104	3.145	2.667	3.47	4.086	4.752	-36	28	64	100	36	0.36
2	3	1	1	143	189	2.242	2.242	3.064	3.37	4.104	0	104	132	184	28	0.152173913
2	3	1	1	189	230	2.255	2.673	3.164	3.416	4.13	48	100	120	164	20	0.12195122
2	3	1	1	230	266	2.299	2.01	3.146	3.32	4.123	-32	88	100	144	12	0.083333333
2	3	1	1	266	295	2.22	2.22	3.03	3.423	3.748	0	72	96	116	24	0.206896552
2	3	7	1	14	59	1.711	1.931	2.821	2.915	3.648	48	132	140	180	8	0.044444444
2	3	8	2	16	60	1.851	2.122	2.998	3.056	3.559	48	136	140	176	4	0.022727273
2	3	14	1	79	109	2.395	2.031	2.782	3.078	3.942	-36	40	68	120	28	0.233333333
2	3	14	14	109	140	2.006	2.006	2.757	3.151	3.959	0	64	88	124	24	0.193548387
2	3	15	1	104	142	2.093	1.959	2.886	3.144	3.902	-16	84	100	152	16	0.105263158
2	3	15	15	142	181	1.976	1.813	2.686	2.934	3.396	-16	88	108	156	20	0.128205128
2	3	16	14	109	136	1.936	1.792	2.826	2.826	3.868	-20	72	72	108	0	0
2	3	19	15	142	178	1.925	1.822	2.614	2.99	3.663	-12	72	104	144	32	0.222222222
2	3	25	1	189	242	1.85	2.209	2.972	3.115	3.952	36	132	148	212	16	0.075471698
2	3	27	1	230	261	1.831	1.6	2.262	2.429	3.148	-32	56	68	124	12	0.096774194
2	3	31	1	266	297	1.902	1.767	2.662	3.018	3.752	-12	60	84	124	24	0.193548387
2	4	1	1	40	91	2.094	2.14	2.977	3.255	4.248	12	124	144	204	20	0.098039216
2	4	1	1	91	135	2.349	2.317	3.097	3.256	4.068	-4	92	112	176	20	0.113636364
2	4	1	1	135	188	2.237	2.247	2.966	3.438	4.205	4	120	164	212	44	0.20754717
2	4	1	1	188	218	2.272	2.074	2.707	2.962	3.455	-20	52	80	120	28	0.233333333
2	4	1	1	218	270	1.873	2.259	3.105	3.326	3.914	68	156	172	208	16	0.076923077
2	4	2	2	30	60	1.849	1.788	2.637	3.046	3.688	-8	60	88	120	28	0.233333333
2	4	2	2	60	91	1.736	1.823	2.901	2.901	3.41	12	92	92	124	0	0
2	4	8	2	30	61	1.821	1.794	2.799	2.98	3.639	-4	76	88	124	12	0.096774194
2	4	10	1	40	108	1.765	1.864	2.791	3.39	4.221	16	160	216	272	56	0.205882353
2	4	10	10	108	145	2.132	1.936	2.797	2.979	3.686	-24	72	92	148	20	0.135135135
2	4	13	13	151	192	2.053	1.862	2.755	2.944	3.737	-20	88	108	164	20	0.12195122
2	4	17	1	135	205	1.831	1.8	2.75	3.226	4.238	-8	140	204	280	64	0.228571429
2	4	20	13	151	188	2.347	2.025	3.221	3.515	4.452	-32	80	100	148	20	0.135135135
2	4	21	1	188	249	1.933	1.799	2.683	2.806	3.899	-16	96	116	244	20	0.081967213
2	4	25	1	218	277	1.582	1.565	2.587	2.819	3.299	-4	152	188	236	36	0.152542373
2	4	29	1	270	299	1.836	1.908	2.533	2.696	3.09	4	72	84	116	12	0.103448276
2	5	7	7	110	142	1.848	1.865	2.789	2.977	3.721	4	76	88	128	12	0.09375
2	5	7	7	142	173	2.014	2.122	2.855	3.004	3.855	12	72	80	124	8	0.064516129
2	5	12	7	84	116	1.975	1.533	2.378	2.982	3.792	-52	36	88	128	52	0.40625
2	5	14	7	110	143	1.753	1.818	2.808	2.902	3.606	8	84	92	132	8	0.060606061
2	5	21	21	213	276	1.692	1.948	2.613	2.955	4.167	48	156	180	252	24	0.095238095
2	5	29	24	250	279	1.865	1.802	2.489	2.661	3.192	-8	56	68	116	12	0.103448276
3	1	1	1	20	43	2.555	1.813	2.701	3.279	3.922	-60	12	56	92	44	0.47826087
3	1	1	1	43	83	2.249	2.431	3.851	3.804	4.421	20	128	124	160	-4	-0.025
3	1	1	1	83	126	2.53	2.554	3.613	3.734	4.481	4	104	116	172	12	0.069767442
3	1	1	1	126	173	2.353	2.353	3.338	3.585	4.693	0	116	132	188	16	0.085106383
3	1	1	1	173	201	2.488	2.259	3.065	3.49	4.2	-20	48	76	112	28	0.25
3	1	1	1	201	238	2.289	2.414	3.549	3.594	4.26	12	100	104	148	4	0.027027027
3	1	1	1	238	293	2.38	2.681	3.75	4.215	5.005	44	148	180	220	32	0.145454545
3	1	7	1	20	39	2.37	1.874	2.545	2.581	3.492	-40	12	16	76	4	0.052631579
3	1	7	7	39	109	1.705	2.829	2.899	3.115	4.034	140	176	204	280	28	0.1
3	1	10	1	43	86	1.673	1.717	2.72	2.72	3.219	8	124	124	172	0	0
3	1	12	1	83	117	1.891	1.994	2.838	3.002	3.789	12	84	92	136	8	0.058823529
3	1	12	12	117	152	1.976	2.013	2.915	3.187	3.723	8	84	104	140	20	0.142857143
3	1	12	12	152	194	1.93	1.985	3.109	3.223	3.708	4	112	120	168	8	0.047619048
3	1	15	12	117	155	1.813	1.9	2.824	2.984	3.408	12	104	112	152	8	0.052631579
3	1	19	1	173	199	2.205	1.98	2.884	3.277	3.744	-24	52	72	104	20	0.192307692
3	1	19	19	199	234	2.025	2.176	3.163	3.206	3.981	20	92	96	140	4	0.028571429
3	1	22	1	201	242	1.911	2.075	2.936	3.133	3.984	16	92	108	164	16	0.097560976
3	1	22	22	242	294	2.068	2.116	3.21	3.37	3.778	8	136	156	208	20	0.096153846
3	1	24	1	238	287	1.88	2.049	3.134	3.234	3.9	32	132	140	196	8	0.040816327
3	2	1	1	42	99	2.046	2.236	3.428	3.648	4.557	28	152	172	228	20	0.087719298
3	2	1	1	99	140	2.566	2.486	3.379	3.648	4.639	-12	76	100	164	24	0.146341463
3	2	1	1	140	184	2.577	2.562	3.392	3.568	4.606	-4	96	112	176	16	0.090909091
3	2	1	1	184	214	2.544	2.178	3.022	3.235	3.98	-40	52	72	120	20	0.166666667
3	2	1	1	214	255	2.232	2.284	3.172	3.347	3.886	8	112	124	164	12	0.073170732
3	2	2	2	43	91	1.7	1.792	2.666	2.99	3.883	12	108	136	192	28	0.145833333
3	2	9	1	42	83	1.777	1.927	2.803	2.883	3.623	24	112	116	164	4	0.024390244
3	2	9	9	83	127	1.761	1.971	2.842	3.034	3.966	32	112	124	176	12	0.068181818
3	2	16	1	99	129	1.991	1.897	2.727	3.12	3.553	-16	64	88	120	24	0.2
3	2	16	16	129	173	1.767	1.735	2.819	2.91	3.418	-4	116	124	176	8	0.045454545
3	2	19	1	140	186	2.062	2.212	3.179	3.673	4.447	20	116	148	184	32	0.173913043
3	2	19	19	186	213	2.301	2.057	2.894	3.068	3.901	-20	40	52	108	12	0.111111111
3	2	22	1	184	212	2.062	1.784	2.535	2.722	3.451	-36	44	60	112	16	0.142857143
3	2	22	22	212	282	1.703	1.957	2.979	3.188	4.241	36	168	200	280	32	0.114285714
3	2	25	22	212	249	1.749	1.896	2.8	2.862	3.781	16	96	100	148	4	0.027027027
3	2	27	1	214	253	1.749	1.765	2.507	2.674	3.347	4	92	104	156	12	0.076923077
3	2	27	27	253	292	1.698	1.774	2.488	2.671	3.43	12	88	100	156	12	0.076923077
3	3	1	1	5	61	1.921	2.215	3.124	3.424	4.394	28	144	168	224	24	0.107142857
3	3	1	1	61	95	2.296	2.161	2.935	3.212	3.929	-16	64	92	136	28	0.205882353
3	3	1	1	95	156	2.134	2.458	3.248	3.408	4.627	64	152	168	244	16	0.06557377
3	3	1	1	156	191	2.596	2.556	3.341	3.491	4.2	-4	80	92	140	12	0.085714286
3	3	1	1	191	234	2.353	2.521	3.553	3.649	4.217	32	124	128	172	4	0.023255814
3	3	2	2	17	50	1.988	1.821	2.773	2.875	3.789	-16	72	80	132	8	0.060606061
3	3	2	2	50	85	1.873	1.937	2.683	2.964	3.988	8	80	96	140	16	0.114285714
3	3	6	1	5	63	1.605	1.627	2.492	2.826	3.573	4	128	164	232	36	0.155172414
3	3	6	6	63	105	1.781	1.781	2.431	2.704	3.543	0	76	100	168	24	0.142857143
3	3	9	2	17	46	1.839	1.738	2.486	2.625	3.337	-12	56	64	116	8	0.068965517
3	3	12	1	61	99	2.098	1.943	2.67	3.23	3.924	-20	64	108	152	44	0.289473684
3	3	12	12	99	148	1.949	2.057	2.973	3.233	3.913	16	124	144	196	20	0.102040816
3	3	15	1	95	133	1.795	1.809	2.822	2.835	3.425	4	104	108	152	4	0.026315789
3	3	23	1	156	197	2.031	1.972	2.716	3.007	3.733	-8	72	104	164	32	0.195121951
3	3	23	23	197	243	1.979	2.187	2.81	3.325	4.578	32	92	124	184	32	0.173913043
3	3	23	23	243	263	2.506	2.293	3.009	3.072	3.639	-20	44	52	80	8	0.1
3	3	25	1	191	240	1.847	2.365	2.818	2.97	3.905	60	108	120	196	12	0.06122449
3	3	25	25	240	293	1.942	2.132	2.845	2.981	3.908	36	120	132	212	12	0.056603774
3	3	29	1	234	280	1.807	2.296	3.347	3.29	4.346	64	136	132	184	-4	-0.02173913
3	4	1	1	95	116	2.704	2.179	3.253	3.253	4.135	-36	36	36	84	0	0
3	4	1	1	116	162	2.23	2.321	3.387	3.53	4.296	8	116	128	184	12	0.065217391
3	4	1	1	162	216	2.387	2.519	3.299	3.674	4.72	28	132	164	216	32	0.148148148
3	4	1	1	216	241	2.572	2.095	3.079	3.155	3.951	-44	52	56	100	4	0.04
3	4	1	1	241	274	2.158	2.158	3.114	3.147	3.855	0	88	92	132	4	0.03030303
3	4	18	1	116	168	1.905	2.043	3.614	3.571	4.419	16	156	152	208	-4	-0.019230769
3	4	22	1	162	213	1.909	2.037	2.933	3.019	3.89	24	128	136	204	8	0.039215686
3	4	22	22	213	265	1.941	2.177	2.834	3.062	4.166	32	116	140	208	24	0.115384615
3	4	28	1	241	296	1.794	1.871	3.017	3.065	4.273	8	124	128	220	4	0.018181818
3	5	11	2	54	87	2.082	1.881	2.66	2.943	3.635	-20	60	84	132	24	0.181818182
3	5	12	12	139	178	1.774	2.069	2.739	2.992	3.363	36	116	136	156	20	0.128205128
3	5	30	27	243	284	1.684	2.133	3.153	3.378	4.036	40	104	120	164	16	0.097560976
4	1	1	1	3	63	1.863	2.563	3.323	3.389	4.168	116	184	188	240	4	0.016666667
4	1	1	1	63	115	2.327	2.628	3.426	3.53	4.313	40	132	144	208	12	0.057692308
4	1	1	1	115	173	2.339	2.7	3.592	3.692	4.386	64	160	176	232	16	0.068965517
4	1	1	1	173	228	2.525	2.691	3.853	4.038	4.868	28	152	164	220	12	0.054545455
4	1	1	1	228	260	2.931	2.704	3.654	3.792	4.492	-20	76	84	128	8	0.0625
4	1	6	1	3	56	1.834	2.095	2.757	3.012	3.794	68	144	164	212	20	0.094339623
4	1	6	6	56	122	1.721	1.895	2.547	3.04	3.967	36	156	208	264	52	0.196969697
4	1	9	6	56	95	2.073	2.153	3.456	3.456	4.282	8	108	108	156	0	0
4	1	11	1	63	107	1.84	1.978	2.768	2.955	3.68	16	104	116	176	12	0.068181818
4	1	11	11	107	159	1.856	2.226	3.132	3.132	4.03	56	148	148	208	0	0
4	1	11	11	159	194	2.015	2.087	2.929	3.305	4.062	8	72	100	140	28	0.2
4	1	15	1	115	159	1.974	2.142	2.907	3.01	3.789	24	116	124	176	8	0.045454545
4	1	15	15	159	223	2.02	2.345	3.221	3.371	4.229	52	176	196	256	20	0.078125
4	1	20	1	173	239	1.861	2.19	2.833	3.069	4.019	64	156	188	264	32	0.121212121
4	1	24	1	228	267	1.937	1.738	2.513	2.953	3.686	-28	68	108	156	40	0.256410256
4	1	28	24	267	295	1.933	1.765	2.528	2.945	3.754	-20	48	72	112	24	0.214285714
4	2	1	1	7	61	1.864	2.17	3.196	3.288	4.051	40	156	164	216	8	0.037037037
4	2	1	1	61	110	2.208	2.528	3.301	3.418	4.127	40	120	132	196	12	0.06122449
4	2	1	1	110	174	2.337	2.525	3.663	3.663	5.606	28	136	136	256	0	0
4	2	1	1	174	200	3.143	2.68	3.619	3.861	4.636	-40	36	52	104	16	0.153846154
4	2	1	1	200	251	2.727	3.113	4.054	4.161	4.588	72	164	172	204	8	0.039215686
4	2	1	1	251	298	2.965	3.369	4.238	4.393	4.85	64	152	160	188	8	0.042553191
4	2	7	1	7	70	1.5	1.84	2.77	2.83	4.158	60	180	184	252	4	0.015873016
4	2	7	7	70	92	2.088	1.645	2.449	2.669	3.44	-40	32	48	88	16	0.181818182
4	2	8	2	12	66	1.655	1.698	2.626	3.017	3.784	4	152	180	216	28	0.12962963
4	2	12	1	61	146	1.843	1.889	3.261	3.619	5.161	8	180	256	340	76	0.223529412
4	2	12	12	146	175	2.522	1.971	2.699	3.218	4.375	-56	16	64	116	48	0.413793103
4	2	14	7	70	104	2.07	1.665	2.366	2.924	3.847	-36	32	76	136	44	0.323529412
4	2	18	1	110	156	1.79	1.959	3.175	3.175	3.891	24	136	136	184	0	0
4	2	18	18	156	194	1.951	2.017	2.92	3.097	3.891	8	88	104	152	16	0.105263158
4	2	22	18	156	195	1.94	1.974	2.803	3.073	3.562	4	92	108	156	16	0.102564103
4	2	23	1	174	194	2.462	2.075	2.837	2.837	3.681	-44	32	32	80	0	0
4	2	23	23	194	232	1.995	2.188	3.107	3.377	4.039	28	96	112	152	16	0.105263158
4	2	26	23	194	238	1.685	1.968	2.865	2.922	3.547	44	132	136	176	4	0.022727273
4	2	28	1	200	263	1.909	2.347	3.461	3.726	4.812	64	176	196	252	20	0.079365079
4	2	28	28	263	290	2.53	2.004	2.962	3.146	4.021	-52	36	52	108	16	0.148148148
4	2	32	28	263	292	2.282	1.887	2.599	2.818	3.872	-40	28	48	116	20	0.172413793
4	4	1	1	40	80	2.253	2.442	3.404	3.776	4.461	24	100	124	160	24	0.15
4	4	1	1	80	118	2.597	2.633	3.543	3.635	4.285	4	96	104	152	8	0.052631579
4	4	1	1	118	168	2.474	2.438	3.403	3.854	4.691	-4	116	152	200	36	0.18
4	4	1	1	168	227	2.55	2.426	3.476	3.779	4.536	-12	124	168	236	44	0.186440678
4	4	2	2	38	60	2.009	1.435	2.182	2.572	3.349	-56	12	44	88	32	0.363636364
4	4	2	2	60	90	1.669	1.669	2.615	2.615	3.222	0	84	84	120	0	0
4	4	9	2	38	65	2.073	1.549	2.324	2.764	3.638	-48	20	52	108	32	0.296296296
4	4	10	10	62	94	1.917	1.624	2.404	2.685	3.416	-28	40	72	128	32	0.25
4	4	11	10	62	89	1.988	1.653	2.608	2.608	3.264	-32	60	60	108	0	0
4	4	14	1	80	130	1.864	1.989	2.855	3.217	4.156	16	116	148	200	32	0.16
4	4	18	1	118	157	1.811	2.023	2.804	3.027	3.812	32	104	116	156	12	0.076923077
4	4	18	18	157	194	1.8	1.69	2.495	2.804	3.394	-12	68	92	148	24	0.162162162
4	4	19	14	130	161	2.074	2.029	2.744	3.075	3.741	-4	64	88	124	24	0.193548387
4	4	21	18	157	185	2.012	1.977	2.801	2.949	3.765	-4	64	72	112	8	0.071428571
4	4	23	1	168	221	2.141	2.073	2.883	3.415	4.837	-8	84	136	212	52	0.245283019
4	4	23	23	221	247	2.482	1.723	2.579	2.893	3.535	-80	12	48	104	36	0.346153846
4	4	26	23	221	255	2.355	1.634	2.576	2.94	3.801	-80	44	84	136	40	0.294117647
4	4	27	1	227	281	2.034	1.888	2.716	3.241	4.232	-28	112	156	216	44	0.203703704
4	4	28	23	247	291	1.799	1.9	2.71	2.899	3.714	16	104	120	176	16	0.090909091
4	5	9	9	62	96	1.814	1.698	2.408	2.799	3.317	-16	60	96	136	36	0.264705882
4	5	13	9	62	96	1.64	1.64	2.239	2.388	3.032	0	68	84	136	16	0.117647059
4	5	17	17	151	195	1.707	1.824	2.459	3.073	4.07	20	88	128	176	40	0.227272727
4	5	18	18	175	236	1.759	2.087	2.738	3.819	4.841	48	116	204	244	88	0.360655738
4	5	21	21	215	256	1.879	1.928	2.812	3.02	3.702	4	100	112	164	12	0.073170732
4	5	24	21	215	249	1.852	1.823	2.978	2.944	3.309	-4	100	96	136	-4	-0.029411765
5	2	1	1	33	62	2.172	1.954	3.279	3.161	3.657	-20	84	76	116	-8	-0.068965517
5	2	1	1	195	224	2.276	2.018	2.841	3.25	3.754	-24	44	76	116	32	0.275862069
5	2	2	2	34	70	1.729	1.698	2.775	2.775	3.184	-4	96	96	144	0	0
5	2	10	1	33	71	1.706	1.575	2.35	2.746	3.279	-16	68	104	152	36	0.236842105
5	2	10	10	71	110	1.678	1.736	2.515	2.696	3.125	16	100	112	156	12	0.076923077
5	2	11	2	34	76	1.751	1.828	2.696	3.093	3.53	8	104	124	168	20	0.119047619
5	2	14	1	62	127	1.69	1.928	3.091	3.37	4.437	56	184	200	260	16	0.061538462
5	2	14	14	127	157	2.162	1.707	2.699	3.186	4.141	-48	36	72	120	36	0.3
5	2	16	10	71	114	1.601	1.781	2.689	2.787	3.344	28	124	132	172	8	0.046511628
5	2	20	14	127	155	2.275	1.872	2.754	3.21	3.957	-40	40	68	112	28	0.25
5	2	22	14	157	186	2.062	1.702	2.676	2.843	3.807	-36	44	56	116	12	0.103448276
5	2	23	1	177	202	2.552	1.779	2.452	3.187	4.412	-84	-8	48	100	56	0.56
5	2	23	23	202	225	2.149	1.662	2.561	2.941	3.659	-40	28	48	92	20	0.217391304
5	2	26	1	195	223	1.959	1.762	2.456	2.812	3.464	-20	48	68	112	20	0.178571429
5	2	26	26	223	256	1.742	1.831	2.672	2.735	3.286	12	88	92	132	4	0.03030303
5	2	27	23	202	225	2.263	1.75	2.705	2.788	3.409	-40	40	44	92	4	0.043478261
5	2	28	26	223	267	1.722	1.767	2.642	2.875	3.697	12	116	128	176	12	0.068181818
5	3	1	1	37	85	1.986	2.13	3.114	3.114	4.027	32	128	128	192	0	0
5	3	1	1	85	126	2.11	2.267	2.979	3.139	3.794	28	104	116	164	12	0.073170732
5	3	1	1	126	170	1.92	2.161	3.01	3.192	4.052	40	120	132	176	12	0.068181818
5	3	1	1	170	206	2.13	2.346	2.965	3.118	3.946	24	80	96	144	16	0.111111111
5	3	1	1	206	250	2.126	2.287	3.146	3.268	4.039	32	120	128	176	8	0.045454545
5	3	1	1	250	290	2.135	2.147	3.054	3.249	4.041	4	92	104	160	12	0.075
5	3	8	1	37	80	1.886	1.872	2.657	2.924	3.81	-4	100	120	172	20	0.11627907
5	3	8	8	80	117	1.798	1.844	2.874	3.01	3.824	8	96	104	148	8	0.054054054
5	3	13	8	80	118	2.012	2.106	2.909	3.089	3.888	12	88	100	152	12	0.078947368
5	3	14	1	85	123	1.917	1.902	2.643	2.734	3.719	-4	80	88	152	8	0.052631579
5	3	14	14	123	166	1.745	1.678	2.456	2.631	3.418	-12	96	108	172	12	0.069767442
5	3	20	1	126	163	1.874	1.902	2.669	3.165	3.804	4	80	112	148	32	0.216216216
5	3	20	20	163	203	1.991	2.117	2.975	3.325	4.157	20	100	120	160	20	0.125
5	3	20	20	203	233	2.187	2.187	3.207	3.359	4.092	0	76	84	120	8	0.066666667
5	3	24	20	163	205	1.813	1.892	2.804	3.1	3.741	16	104	128	168	24	0.142857143
5	3	26	1	170	215	1.922	1.808	3.256	3.256	3.983	-12	124	124	180	0	0
5	3	26	26	215	254	2.01	1.849	2.827	3.14	4.14	-28	84	104	156	20	0.128205128
5	3	28	1	206	249	1.82	1.865	2.628	2.9	3.719	8	104	124	172	20	0.11627907
5	3	28	28	249	285	1.87	1.763	2.56	2.774	3.417	-16	72	88	144	16	0.111111111
5	3	32	1	250	289	1.904	2.025	2.926	2.926	3.808	20	104	104	156	0	0
5	4	1	1	87	137	2.534	2.281	3.189	3.611	4.642	-32	80	140	200	60	0.3
5	4	1	1	137	165	2.66	2.162	2.972	3.718	4.377	-48	24	80	112	56	0.5
5	4	1	1	165	195	2.396	2.31	2.987	3.193	3.82	-8	60	76	120	16	0.133333333
5	4	1	1	195	232	1.979	2.007	3.01	3.199	4.031	4	92	108	148	16	0.108108108
5	4	1	1	232	270	2.135	2.089	3.151	3.404	4.198	-4	84	104	152	20	0.131578947
5	4	11	1	87	127	1.978	1.846	2.397	2.735	3.204	-20	68	104	160	36	0.225
5	4	16	1	137	174	1.982	1.692	2.323	3.148	4.034	-36	36	104	148	68	0.459459459
5	4	16	16	174	202	2.005	1.677	2.665	2.891	3.825	-32	56	68	112	12	0.107142857
5	4	19	1	165	213	1.982	1.823	2.78	3.011	3.859	-16	96	124	192	28	0.145833333
5	4	19	19	213	262	1.907	1.829	2.785	2.993	3.823	-12	108	128	196	20	0.102040816
5	4	22	1	195	244	1.841	1.953	3.084	3.102	3.925	16	128	132	196	4	0.020408163
5	4	22	22	244	279	1.917	1.783	2.519	2.822	3.628	-24	72	92	140	20	0.142857143
5	4	27	1	232	270	1.896	1.831	2.717	3.136	3.826	-8	76	108	152	32	0.210526316
5	5	10	10	83	128	1.799	1.685	2.031	2.476	3.457	-20	44	100	180	56	0.311111111
5	5	14	14	134	161	2.074	1.642	2.331	2.764	3.796	-44	24	56	108	32	0.296296296
5	5	20	17	140	173	1.744	1.744	2.676	2.837	3.545	0	80	88	132	8	0.060606061
5	5	21	21	181	219	1.874	1.964	2.667	2.951	3.608	12	84	108	152	24	0.157894737
5	5	29	29	250	279	1.95	1.678	2.681	2.824	3.598	-24	56	64	116	8	0.068965517
6	1	1	1	34	62	2.222	1.871	2.657	3.023	3.901	-36	40	68	112	28	0.25
6	1	1	1	62	98	2.216	2.284	3.268	3.268	4.223	8	96	96	144	0	0
6	1	1	1	98	157	2.161	2.274	3.222	3.261	3.999	32	156	160	236	4	0.016949153
6	1	2	2	37	62	2.087	1.738	2.492	3.007	3.92	-28	32	60	100	28	0.28
6	1	14	1	98	172	2.062	2.345	3.779	3.779	4.418	40	220	220	296	0	0
6	1	14	14	172	251	2.12	2.261	2.952	3.273	4.158	52	176	228	316	52	0.164556962
6	1	14	14	251	293	2.142	2.015	2.565	3.198	4.377	-16	60	116	168	56	0.333333333
6	2	1	1	42	101	1.97	2.116	2.868	3.171	3.933	44	148	180	236	32	0.13559322
6	2	1	1	101	152	2.026	2.026	3.017	3.238	3.927	0	112	136	204	24	0.117647059
6	2	1	1	152	232	2.179	2.197	3.268	3.655	4.684	4	188	236	320	48	0.15
6	2	1	1	232	277	2.442	2.036	2.838	3.449	4.389	-60	60	120	180	60	0.333333333
6	2	2	2	37	67	1.732	1.651	2.615	2.765	3.348	-8	72	80	120	8	0.066666667
6	2	2	2	67	106	1.662	1.852	2.754	2.888	3.405	20	104	116	156	12	0.076923077
6	2	10	1	42	108	1.714	1.986	2.789	2.873	3.641	52	172	184	264	12	0.045454545
6	2	11	2	37	72	1.635	1.635	2.555	2.648	3.756	0	84	88	140	4	0.028571429
6	2	16	1	101	155	1.907	1.944	2.849	3.053	4.097	4	120	140	216	20	0.092592593
6	2	16	16	155	220	2.03	1.732	2.621	2.81	4.261	-36	120	152	260	32	0.123076923
6	2	19	1	152	234	1.749	1.626	2.756	3.209	4.328	-20	188	248	328	60	0.182926829
6	3	2	2	24	83	1.887	2.203	2.867	3.165	3.879	80	164	188	236	24	0.101694915
6	3	8	1	23	87	1.708	1.92	2.647	3.096	4.334	36	124	188	256	64	0.25
6	3	8	8	87	121	2.146	1.892	2.759	3.094	4.2	-24	60	80	136	20	0.147058824
6	3	8	8	121	158	2.171	1.958	3.061	3.311	3.98	-20	84	96	148	12	0.081081081
6	3	9	8	87	118	2.188	1.85	2.773	2.884	3.987	-32	56	64	124	8	0.064516129
6	3	14	8	158	197	1.998	1.959	2.91	3.177	4.041	-8	100	116	156	16	0.102564103
6	4	1	1	3	69	2.161	2.283	3.034	3.436	4.328	20	112	164	264	52	0.196969697
6	4	1	1	69	118	2.343	2.006	2.693	3.01	4.818	-56	32	80	196	48	0.244897959
6	4	1	1	118	144	2.808	2.079	3.005	3.616	4.547	-68	16	56	104	40	0.384615385
6	4	1	1	144	177	2.471	2.26	3.181	3.435	4.242	-16	56	76	132	20	0.151515152
6	4	1	1	177	224	2.245	2.194	3.206	3.685	4.604	-4	116	144	188	28	0.14893617
6	4	1	1	224	248	2.7	2.481	3.376	3.477	4.062	-16	56	64	96	8	0.083333333
6	4	1	1	248	288	2.377	2.634	3.476	3.476	4.078	28	112	112	160	0	0
6	4	8	1	69	111	1.985	1.684	2.165	3.177	4.135	-60	32	120	168	88	0.523809524
6	4	12	1	118	148	2.01	1.62	2.151	2.77	3.589	-52	16	68	120	52	0.433333333
6	4	12	12	148	183	1.83	1.525	2.57	2.555	3.223	-36	60	88	140	28	0.2
6	4	15	1	144	176	2.076	1.935	2.72	3.284	3.912	-12	52	80	128	28	0.21875
6	4	15	15	176	218	1.971	1.843	2.668	3.169	3.98	-16	88	120	168	32	0.19047619
6	4	20	1	177	221	1.997	2.134	3.107	3.337	4.355	20	116	132	176	16	0.090909091
6	4	20	20	221	246	2.213	1.808	2.66	3.169	3.896	-32	32	64	100	32	0.32
6	4	23	20	221	247	2.142	1.688	2.461	2.939	3.647	-40	32	64	104	32	0.307692308
6	4	24	1	224	252	1.904	1.712	2.541	2.936	3.54	-20	52	76	112	24	0.214285714
6	4	28	1	248	291	1.685	1.723	2.481	2.917	3.518	16	108	136	172	28	0.162790698
6	5	2	2	23	57	1.942	1.83	2.853	2.962	3.763	-12	76	84	136	8	0.058823529
6	5	7	7	54	106	1.732	1.694	2.435	2.681	3.193	-4	120	152	208	32	0.153846154
6	5	11	7	54	94	1.871	1.888	2.736	2.85	3.587	4	100	112	160	12	0.075
6	5	13	13	123	155	1.834	1.803	2.522	2.762	3.508	-4	64	84	128	20	0.15625
6	5	26	26	241	288	1.959	1.918	2.727	2.999	4.362	-8	96	124	188	28	0.14893617
7	1	28	28	119	153	1.852	1.577	2.6	3.105	3.734	-32	68	104	136	36	0.264705882
7	1	36	28	119	159	1.904	1.68	2.315	2.758	3.189	-24	52	96	160	44	0.275
7	1	45	45	187	211	2.184	1.686	2.602	2.882	3.576	-40	32	48	96	16	0.166666667
7	2	1	1	32	107	2.158	2.178	3.112	3.367	4.358	4	184	216	300	32	0.106666667
7	2	1	1	107	155	2.318	1.977	2.848	3.272	4.62	-44	60	104	192	44	0.229166667
7	2	1	1	155	185	2.506	2.075	3.158	3.214	4.382	-44	60	64	120	4	0.033333333
7	2	1	1	185	213	2.217	1.876	2.719	2.886	3.951	-28	40	52	112	12	0.107142857
7	2	1	1	213	247	2.128	2.128	3.111	3.183	3.937	0	84	92	136	8	0.058823529
7	2	1	1	247	291	2.149	2.149	3.246	3.246	4.055	0	128	128	176	0	0
7	2	2	2	9	64	1.636	1.981	2.645	2.849	3.578	60	136	164	220	28	0.127272727
7	2	2	2	64	113	1.698	1.855	2.564	2.718	3.798	40	116	124	196	8	0.040816327
7	2	3	3	10	57	1.72	1.851	2.762	2.921	3.687	20	128	136	188	8	0.042553191
7	2	7	2	9	76	1.555	2.148	3.141	3.225	3.923	112	208	216	268	8	0.029850746
7	2	9	9	119	141	2.589	1.614	2.286	2.973	4.044	-116	-28	32	88	60	0.681818182
7	2	9	9	141	166	1.989	1.534	2.494	2.739	3.16	-48	48	68	100	20	0.2
7	2	14	1	107	152	2.04	1.763	2.556	2.89	3.711	-40	68	104	180	36	0.2
7	2	14	14	152	189	1.829	1.618	2.229	2.578	3.859	-36	52	80	148	28	0.189189189
7	2	20	1	155	201	2.114	1.895	2.619	3.158	4.714	-24	64	112	184	48	0.260869565
7	2	20	20	201	223	2.394	1.643	2.586	2.875	3.812	-68	16	40	88	24	0.272727273
7	2	23	1	185	210	2.165	1.785	2.64	2.914	3.774	-32	36	56	100	20	0.2
7	2	23	23	210	240	1.988	2.051	2.899	3.045	3.789	8	68	76	120	8	0.066666667
7	2	27	1	213	247	1.824	1.772	2.634	2.914	3.836	-8	72	88	136	16	0.117647059
7	2	27	27	247	279	2.081	1.876	2.929	3.028	4.216	-16	72	76	128	4	0.03125
7	2	28	23	210	243	1.786	1.786	2.564	3.126	3.578	0	72	104	132	32	0.242424242
7	2	31	1	247	291	1.788	2.095	2.885	2.935	3.469	44	132	136	176	4	0.022727273
7	2	32	27	247	285	1.755	2.452	2.799	3.034	3.524	52	96	112	152	16	0.105263158
7	3	1	1	11	60	1.961	2.099	3.029	3.314	4.14	32	120	140	196	20	0.102040816
7	3	1	1	60	99	2.414	2.374	3.569	3.622	4.297	-8	96	100	156	4	0.025641026
7	3	1	1	220	241	3.012	2.192	3.16	3.16	3.999	-76	20	20	84	0	0
7	3	1	1	241	290	2.278	2.258	3.189	3.297	3.868	-4	120	132	196	12	0.06122449
7	3	2	2	18	73	1.821	1.849	2.933	3.148	3.717	16	136	160	220	24	0.109090909
7	3	6	1	11	60	1.745	1.731	2.932	2.961	4.057	-4	128	136	196	8	0.040816327
7	3	6	6	60	97	2.152	2.057	2.982	3.203	4.52	-8	76	92	148	16	0.108108108
7	3	6	6	97	118	2.269	1.974	2.872	3.045	3.689	-24	44	52	84	8	0.095238095
7	3	9	1	60	104	1.725	1.68	2.834	2.945	3.932	-12	104	120	176	16	0.090909091
7	3	9	9	104	136	1.98	1.812	2.8	2.917	3.517	-24	64	80	128	16	0.125
7	3	10	6	60	90	1.905	1.82	2.639	3.009	3.423	-8	68	88	120	20	0.166666667
7	3	14	1	99	151	1.908	1.908	2.808	2.847	4.015	0	116	120	208	4	0.019230769
7	3	14	14	151	188	1.922	1.667	2.546	2.671	3.7	-32	76	88	148	12	0.081081081
7	3	14	14	188	234	1.969	1.807	2.687	3.034	3.981	-16	88	120	184	32	0.173913043
7	3	14	14	234	274	2.022	1.908	2.503	2.588	3.228	-16	80	96	160	16	0.1
7	3	15	9	104	138	1.952	1.697	2.856	2.856	3.242	-36	80	80	136	0	0
7	3	19	14	151	209	2.093	1.771	2.904	4.148	5.024	-36	140	200	232	60	0.25862069
7	3	20	14	188	225	1.731	1.662	2.385	2.746	3.29	-8	72	96	148	24	0.162162162
7	3	22	1	220	257	2.635	1.931	3.047	3.356	4.21	-72	44	80	148	36	0.243243243
7	3	25	1	241	289	1.721	1.706	2.426	2.713	3.518	-4	92	128	192	36	0.1875
7	5	2	2	24	68	1.705	1.658	2.673	3.177	3.813	-16	112	140	176	28	0.159090909
7	5	7	1	11	68	1.82	2.159	3.086	3.202	4.86	48	140	148	228	8	0.035087719
7	5	7	7	68	110	2.436	1.837	3.129	3.164	4.729	-52	92	96	168	4	0.023809524
7	5	7	7	110	134	2.403	1.914	2.773	3.421	4.342	-40	28	60	96	32	0.333333333
7	5	11	7	68	96	2.424	1.828	2.607	2.987	3.966	-52	28	48	112	20	0.178571429
7	5	14	14	132	155	2.123	1.717	2.446	2.757	3.377	-40	32	52	92	20	0.217391304
7	5	16	14	132	155	2.135	1.727	2.686	2.806	3.131	-40	48	56	92	8	0.086956522
7	5	17	17	161	196	1.785	1.94	2.865	2.865	3.357	12	96	96	140	0	0
7	5	21	17	161	197	1.826	1.404	2.419	2.883	3.587	-48	68	96	144	28	0.194444444
7	5	22	1	162	201	1.547	1.619	2.573	2.701	3.529	12	100	108	156	8	0.051282051
7	5	22	22	201	250	1.702	1.6	3.106	3.066	3.716	-12	128	124	196	-4	-0.020408163
7	5	28	1	212	235	1.919	1.662	2.418	2.451	3.106	-28	48	52	92	4	0.043478261
7	5	28	28	235	275	1.538	1.732	2.563	2.626	3.122	32	120	124	160	4	0.025
7	5	29	28	235	278	1.568	1.31	2.613	2.642	3.218	-32	120	124	172	4	0.023255814
7	5	30	1	241	292	1.732	2.055	2.829	2.886	3.747	44	128	140	204	12	0.058823529
8	1	1	1	15	55	2.316	2.437	3.195	3.388	4.014	28	100	116	160	16	0.1
8	1	1	1	55	100	2.029	2.271	3.154	3.154	3.865	48	132	132	180	0	0
8	1	1	1	100	143	2.022	2.242	2.983	3.123	3.885	36	108	120	172	12	0.069767442
8	1	1	1	143	187	2.134	2.245	3.128	3.433	4.453	16	88	108	176	20	0.113636364
8	1	1	1	187	230	2.172	2.325	3.393	3.393	4.244	20	112	112	172	0	0
8	1	1	1	230	278	2.43	2.724	3.686	3.892	4.99	52	124	136	192	12	0.0625
8	1	8	1	15	51	1.958	2.006	2.709	2.986	3.708	12	80	100	144	20	0.138888889
8	1	8	8	51	98	1.776	1.963	2.846	2.846	3.585	24	124	124	188	0	0
8	1	11	1	55	94	1.985	2.048	3.066	3.066	3.888	8	100	100	156	0	0
8	1	11	11	94	129	1.868	1.907	2.822	2.864	3.652	8	92	96	140	4	0.028571429
8	1	11	11	129	169	1.767	1.986	2.817	2.929	3.532	28	120	128	160	8	0.05
8	1	13	11	94	144	2.02	2.04	3.076	3.151	3.773	4	132	140	200	8	0.04
8	1	15	1	100	149	1.844	1.906	2.871	3.102	4.161	8	112	132	196	20	0.102040816
8	1	15	15	149	182	2.037	2	2.795	2.94	3.846	-4	76	84	132	8	0.060606061
8	1	16	11	129	156	1.885	1.745	2.434	2.622	3.209	-16	56	68	108	12	0.111111111
8	1	17	1	143	188	1.752	1.819	2.619	2.886	3.857	8	92	116	180	24	0.133333333
8	1	17	17	188	236	1.912	2.026	2.967	3.211	3.976	24	116	140	192	24	0.125
8	1	19	15	149	182	2.124	2.191	2.941	3.434	3.987	8	76	104	132	28	0.212121212
8	1	22	1	187	225	2.281	2.563	3.557	3.469	4.37	28	104	100	152	-4	-0.026315789
8	1	22	22	225	277	2.072	2.301	3.163	3.44	4.352	36	136	156	208	20	0.096153846
8	1	22	22	277	299	2.505	2.25	2.981	3.1	4.078	-24	40	48	88	8	0.090909091
8	1	26	22	225	267	2.298	2.482	3.367	3.512	4.105	24	104	116	168	12	0.071428571
8	1	27	1	230	272	1.814	1.945	2.919	2.996	3.812	20	120	124	168	4	0.023809524
8	2	1	1	102	145	2.438	1.914	2.801	3.167	4.444	-60	48	96	172	48	0.279069767
8	2	1	1	145	175	2.331	1.756	2.797	3.365	4.282	-56	40	80	120	40	0.333333333
8	2	1	1	175	204	2.419	1.972	2.871	2.938	4.006	-32	40	44	116	4	0.034482759
8	2	1	1	267	288	3.701	2.549	4.173	4.319	5.039	-88	36	44	84	8	0.095238095
8	2	2	2	74	100	2.098	1.588	2.386	2.772	3.689	-52	24	56	104	32	0.307692308
8	2	3	3	35	75	1.988	1.795	3.251	3.38	4.169	-16	96	108	160	12	0.075
8	2	10	3	35	71	1.809	1.833	2.716	2.716	3.722	4	84	84	144	0	0
8	2	11	2	74	95	2.284	1.763	2.79	2.98	3.78	-48	36	44	84	8	0.095238095
8	2	11	11	95	124	1.957	1.912	2.925	3.106	3.81	-4	72	84	116	12	0.103448276
8	2	15	1	102	142	2.252	1.712	2.55	3.038	4.537	-68	40	92	160	52	0.325
8	2	15	15	142	162	2.319	1.553	2.281	2.94	3.702	-68	-4	36	80	40	0.5
8	2	15	15	162	189	1.913	1.743	2.62	2.779	3.651	-16	56	72	108	16	0.148148148
8	2	16	2	100	134	1.887	1.981	2.812	3.209	4.021	12	84	108	136	24	0.176470588
8	2	20	15	142	165	2.218	1.464	2.283	2.899	3.586	-72	4	52	92	48	0.52173913
8	2	21	1	145	173	2.113	1.642	2.542	2.721	4.065	-48	28	48	112	20	0.178571429
