Pos	Channel	Cell	MothCell	BirthFr	DivFr	Lb	Lri	Lrt	Lc	Ld	Tri	Trt	Tc	Td	Tc-Trt	(Tc-Trt)/ Td
2	1	1	1	6	27	2.048	2.128	2.125	2.814	3.873	16	12	52	84	40	0.476190476
2	1	1	1	27	46	1.94	1.123	2.227	2.947	4.503	-64	12	40	76	28	0.368421053
2	1	1	1	46	58	2.341	1.308	2.286	3.663	4.064	-52	-4	40	48	44	0.916666667
2	1	1	1	58	69	2.249	2.299	2.372	3.247	3.758	4	8	32	44	24	0.545454545
2	1	1	1	69	86	1.93	1.219	2.282	3.114	3.672	-36	20	52	68	32	0.470588235
2	1	1	1	86	97	1.822	1.26	2.328	2.486	2.936	-40	20	28	44	8	0.181818182
2	1	1	1	97	120	1.453	1.214	1.984	3.174	3.853	-20	28	76	92	48	0.52173913
2	1	1	1	142	161	2.081	1.777	1.777	3.027	3.379	-20	-20	60	76	80	1.052631579
2	1	1	1	161	177	1.838	1.447	1.891	2.438	2.847	-44	4	44	64	40	0.625
2	1	1	1	177	207	1.436	1.217	2.025	2.557	3.091	-28	56	96	120	40	0.333333333
2	1	1	1	207	243	1.395	1.132	1.862	2.148	2.831	-28	60	84	144	24	0.166666667
2	1	1	1	243	294	1.395	1.246	1.77	2.505	3.457	-36	64	164	204	100	0.490196078
2	1	2	2	14	28	2.466	1.201	1.994	5.307	6.004	-48	-12	48	56	60	1.071428571
2	1	10	7	26	40	1.783	1.361	1.832	2.351	2.797	-44	4	32	56	28	0.5
2	1	11	1	27	45	1.831	1.033	1.999	3.122	4.042	-68	8	48	72	40	0.555555556
2	1	11	11	45	61	1.852	1.004	2.061	3.665	4.268	-60	12	52	64	40	0.625
2	1	13	1	46	71	2.051	1.082	2.261	2.883	5.021	-56	8	36	100	28	0.28
2	1	17	1	58	79	1.705	1.161	1.928	3.223	4.745	-36	8	52	84	44	0.523809524
2	1	17	17	79	87	2.348	1.236	1.871	2.799	3.318	-56	-20	16	32	36	1.125
2	1	20	1	69	87	1.827	1.259	2.332	2.971	4.135	-28	20	40	72	20	0.277777778
2	1	20	20	87	103	1.985	1.393	2.096	3.409	4.053	-36	8	52	64	44	0.6875
2	1	21	17	79	87	2.302	1.174	2.271	2.899	3.315	-60	-4	20	32	24	0.75
2	1	24	1	86	107	1.768	1.269	2.276	2.867	4.143	-36	20	48	84	28	0.333333333
2	1	24	24	107	123	2.039	1.335	2.212	2.904	3.409	-44	12	48	64	36	0.5625
2	1	27	1	97	121	1.426	1.341	2.406	3.002	3.749	-8	52	72	96	20	0.208333333
2	1	27	27	121	140	1.751	1.261	2.197	2.413	3.058	-36	32	44	76	12	0.157894737
2	1	28	24	107	124	1.994	1.215	2.183	2.733	3.08	-56	12	48	68	36	0.529411765
2	1	30	27	121	138	1.896	1.315	2.254	2.63	3.103	-40	28	48	68	20	0.294117647
2	1	31	1	120	139	1.919	1.214	2.388	3.857	5.133	-40	12	52	76	40	0.526315789
2	1	31	31	139	153	2.641	2.453	2.344	4.134	5.173	-8	-12	40	56	52	0.928571429
2	1	31	31	153	164	2.553	2.553	2.455	3.623	4.421	0	-4	28	44	32	0.727272727
2	1	34	31	139	150	2.403	1.387	2.133	3.691	3.719	-48	-12	36	44	48	1.090909091
2	1	37	1	142	162	2.303	1.237	2.228	3.331	4.095	-68	-4	48	80	52	0.65
2	1	40	37	162	185	1.962	1.309	1.964	2.933	3.674	-64	-4	64	92	68	0.739130435
2	1	41	1	161	205	1.5	1.93	1.641	2.739	4.391	32	8	104	176	96	0.545454545
2	1	43	43	216	230	1.988	1.988	1.781	3.134	3.635	0	-12	40	56	52	0.928571429
2	1	43	43	230	246	1.714	1.979	1.856	2.687	3.265	16	8	48	64	40	0.625
2	1	43	43	246	267	1.474	0.914	2.125	2.577	3.393	-48	36	56	84	20	0.238095238
2	1	48	1	207	237	1.625	1.318	2.161	2.412	3.132	-28	48	68	120	20	0.166666667
2	1	48	48	278	295	2.295	1.332	2.544	3.28	5.265	-68	8	32	68	24	0.352941176
2	1	52	43	230	246	1.847	1.222	2.111	3.552	3.857	-40	12	56	64	44	0.6875
2	1	54	1	243	295	1.342	1.125	1.688	2.257	3.402	-48	64	128	208	64	0.307692308
2	1	55	43	246	264	1.719	1.168	2.121	2.921	3.397	-40	24	56	72	32	0.444444444
2	1	59	48	278	292	2.144	1.244	2.144	3.022	3.768	-68	0	32	56	32	0.571428571
2	2	1	1	28	47	1.9	1.364	2.031	3.186	3.538	-48	12	64	76	52	0.684210526
2	2	1	1	47	59	1.918	1.296	2.587	2.939	3.368	-44	24	36	48	12	0.25
2	2	1	1	105	118	2.213	2.213	2.148	3.271	3.826	0	-4	36	52	40	0.769230769
2	2	1	1	118	135	2.024	2.248	2.166	3.093	3.832	12	8	44	68	36	0.529411765
2	2	1	1	135	149	1.99	2.139	2.069	2.599	3.032	8	4	36	56	32	0.571428571
2	2	1	1	149	173	1.638	2.226	2.011	2.993	3.55	36	24	80	96	56	0.583333333
2	2	1	1	203	214	2.269	2.543	2.543	3.309	3.619	8	8	32	44	24	0.545454545
2	2	1	1	214	230	1.889	2.444	2.444	3.032	3.532	28	28	48	64	20	0.3125
2	2	1	1	230	250	1.836	2.725	2.235	3.067	3.574	44	24	60	80	36	0.45
2	2	1	1	250	270	1.739	2.475	2.211	3.128	3.647	32	20	60	80	40	0.5
2	2	1	1	270	289	2.111	2.863	2.701	3.17	3.927	40	32	52	76	20	0.263157895
2	2	4	4	36	54	1.701	1.269	1.996	2.576	3.045	-36	20	56	72	36	0.5
2	2	10	1	28	58	1.868	1.306	2.178	2.604	3.503	-52	28	64	120	36	0.3
2	2	13	1	47	69	1.53	1.009	1.75	2.912	4.218	-48	8	60	88	52	0.590909091
2	2	16	1	59	78	1.513	1.939	1.867	3.487	4.116	20	16	64	76	48	0.631578947
2	2	16	16	78	90	2.149	1.019	2.149	3.377	3.941	-56	0	36	48	36	0.75
2	2	18	1	78	91	2.494	1.448	3.137	3.783	5.297	-36	16	28	52	12	0.230769231
2	2	18	18	91	100	2.712	2.296	1.973	3.619	4.286	-12	-24	24	36	48	1.333333333
2	2	25	1	105	127	1.807	2.082	1.66	3.051	4.513	12	-8	48	88	56	0.636363636
2	2	25	25	127	140	2.157	2.266	1.605	2.895	3.371	4	-32	32	52	64	1.230769231
2	2	27	27	153	165	2.225	1.228	2.369	3.24	4.102	-56	4	28	48	24	0.5
2	2	29	25	127	137	2.252	1.064	2.073	2.656	3.111	-76	-12	20	40	32	0.8
2	2	30	27	138	148	2.236	1.178	1.983	2.773	3.345	-56	-12	20	40	32	0.8
2	2	31	1	135	161	1.764	1.345	1.9	2.677	3.926	-32	8	60	104	52	0.5
2	2	31	31	161	176	1.976	1.423	2.147	2.979	3.741	-40	8	40	60	32	0.533333333
2	2	36	1	149	178	1.348	0.965	1.843	2.785	3.401	-48	28	80	116	52	0.448275862
2	2	36	36	178	198	1.651	1.148	1.871	2.5	3.082	-60	20	56	80	36	0.45
2	2	39	1	173	193	1.518	1.867	1.663	3.391	4.387	16	8	64	80	56	0.7
2	2	39	39	193	206	2.068	2.283	1.718	3.582	4.486	8	-12	40	52	52	1
2	2	43	43	208	218	2.177	2.314	2.156	2.803	3.521	4	-4	20	40	24	0.6
2	2	46	1	203	218	2.035	2.19	2.123	3.168	4.393	8	4	36	60	32	0.533333333
2	2	46	46	218	231	2.298	2.231	2.298	4.01	5.112	-4	0	36	52	36	0.692307692
2	2	47	43	208	218	2.096	2.169	2.076	2.608	3.318	4	-4	20	40	24	0.6
2	2	49	1	214	234	1.651	1.111	2.067	2.533	3.167	-40	28	52	80	24	0.3
2	2	49	49	234	265	1.531	1.151	1.858	2.065	3.223	-40	28	52	124	24	0.193548387
2	2	53	1	230	251	1.629	1.474	2.322	2.591	3.56	-12	36	48	84	12	0.142857143
2	2	53	53	251	274	1.728	1.238	2.002	2.938	3.617	-40	24	72	92	48	0.52173913
2	2	57	53	251	268	1.736	1.358	2.097	2.698	3.251	-32	24	48	68	24	0.352941176
2	2	58	1	250	275	1.756	1.287	2.006	2.708	4.443	-44	16	48	100	32	0.32
2	2	58	58	275	290	2.129	1.326	2.242	3.482	4.971	-52	4	36	60	32	0.533333333
2	2	61	1	270	292	1.485	0.983	1.943	2.521	3.149	-52	32	64	88	32	0.363636364
2	3	1	1	56	71	2.638	2.59	2.41	3.252	4.184	-4	-12	28	60	40	0.666666667
2	3	1	1	125	167	2.182	2.823	2.045	3.11	4.485	76	-20	104	168	124	0.738095238
2	3	1	1	167	187	2.463	1.632	2.472	3.489	4.766	-84	-4	44	80	48	0.6
2	3	1	1	187	205	2.613	2.979	2.853	3.433	4.759	12	8	32	72	24	0.333333333
2	3	1	1	239	263	2.043	2.478	2.31	2.76	3.821	28	16	48	96	32	0.333333333
2	3	1	1	263	298	2.005	2.426	2.29	2.986	5.143	40	28	80	140	52	0.371428571
2	3	2	2	22	38	2.299	2.536	2.112	3.867	4.253	8	-12	52	64	64	1
2	3	3	3	11	22	2.781	1.868	2.909	4.134	4.795	-32	4	32	44	28	0.636363636
2	3	10	1	25	35	2.54	1.655	2.448	3.987	4.549	-36	-4	32	40	36	0.9
2	3	10	10	35	46	2.165	2.089	1.953	3.814	4.277	-4	-8	36	44	44	1
2	3	10	10	46	58	2.041	1.449	2.183	3.056	3.853	-28	4	32	48	28	0.583333333
2	3	13	1	42	55	2.835	2.231	2.064	3.406	5.203	-24	-32	16	52	48	0.923076923
2	3	13	13	55	65	2.65	2.369	2.253	3.402	4.16	-12	-16	24	40	40	1
2	3	17	1	56	73	2.469	1.526	2.324	3.216	4.91	-52	-8	32	68	40	0.588235294
2	3	17	17	73	90	2.266	1.256	1.732	3.407	5.093	-60	-24	36	68	60	0.882352941
2	3	19	1	71	93	2.015	1.538	2.225	3.157	4.099	-36	12	52	88	40	0.454545455
2	3	19	19	93	117	1.881	1.063	1.787	2.61	3.312	-72	-12	52	96	64	0.666666667
2	3	24	19	93	115	2.152	1.216	2.045	3.183	3.808	-72	-12	64	88	76	0.863636364
2	3	26	26	131	159	2.014	1.394	2.302	2.695	4.165	-72	20	44	112	24	0.214285714
2	3	26	26	159	175	2.216	1.374	2.168	2.8	3.28	-80	-8	40	64	48	0.75
2	3	29	1	125	167	2.093	2.62	1.993	2.88	4.814	76	-16	104	168	120	0.714285714
2	3	29	29	167	183	2.347	1.306	1.914	3.769	4.888	-92	-20	44	64	64	1
2	3	34	1	167	195	1.924	1.238	1.797	2.828	4.756	-92	-16	64	112	80	0.714285714
2	3	34	34	195	210	2.255	1.15	2.198	3.096	3.783	-76	-4	40	60	44	0.733333333
2	3	36	1	187	205	2.052	1.266	2.296	2.777	4.046	-60	8	32	72	24	0.333333333
2	3	36	36	205	217	1.943	1.215	2.202	2.585	3.164	-52	12	28	48	16	0.333333333
2	3	40	1	205	222	2.156	1.318	2.156	2.912	5.044	-64	0	24	68	24	0.352941176
2	3	40	40	222	232	2.481	1.2	2.311	3.279	3.876	-60	-8	24	40	32	0.8
2	3	40	40	232	249	1.794	1.323	2.328	3.07	3.754	-28	24	48	68	24	0.352941176
2	3	42	40	222	232	2.431	1.175	2.264	3.037	4.036	-60	-8	20	40	28	0.7
2	3	43	1	222	243	2.14	1.307	2.34	2.897	4.005	-56	12	36	84	24	0.285714286
2	3	43	43	243	266	2.064	1.419	2.158	2.927	3.534	-56	8	64	92	56	0.608695652
2	3	45	1	239	256	1.974	1.388	1.997	2.969	4.347	-44	-4	36	68	40	0.588235294
2	3	45	45	256	268	2.226	1.242	1.92	3.186	4.149	-52	-12	28	48	40	0.833333333
2	3	45	45	268	280	1.974	1.245	2.09	3.144	3.755	-36	4	36	48	32	0.666666667
2	3	45	45	280	296	1.829	1.183	2.111	3.372	4.355	-32	12	48	64	36	0.5625
2	3	51	1	263	296	1.735	1.28	1.972	2.709	4.725	-48	28	76	132	48	0.363636364
2	3	53	45	268	281	2.116	1.335	2.603	3.558	4.05	-36	16	40	52	24	0.461538462
2	4	1	1	18	32	2.393	1.519	2.364	2.722	3.598	-60	-4	20	56	24	0.428571429
2	4	1	1	85	103	2.425	1.332	2.55	3.138	5.046	-56	4	32	72	28	0.388888889
2	4	1	1	103	120	2.586	1.516	2.483	4.298	7.388	-48	-4	36	68	40	0.588235294
2	4	1	1	120	133	3.605	1.403	2.417	4.694	7.151	-60	-24	20	52	44	0.846153846
2	4	1	1	133	141	3.634	2.159	3.533	4.435	5.877	-40	-4	16	32	20	0.625
2	4	1	1	141	154	3.006	2.835	2.575	5.749	6.319	-4	-8	44	52	52	1
2	4	1	1	154	164	3.26	2.839	2.684	4.639	5.462	-12	-24	28	40	52	1.3
2	4	1	1	164	174	2.809	2.708	2.41	4	4.43	-4	-12	28	40	40	1
2	4	1	1	174	192	2.313	2.773	2.601	3.385	4.199	24	12	48	72	36	0.5
2	4	1	1	192	209	2.231	2.625	2.346	2.923	3.638	24	8	44	68	36	0.529411765
2	4	1	1	245	259	2.554	2.462	2.196	3.394	3.781	-4	-16	40	56	56	1
2	4	1	1	259	281	2.021	1.662	2.398	2.833	3.316	-32	24	64	88	40	0.454545455
2	4	2	2	21	35	2.22	1.135	1.761	2.8	3.715	-68	-24	24	56	48	0.857142857
2	4	2	2	35	47	1.825	1.418	1.825	2.275	2.925	-32	0	24	48	24	0.5
2	4	8	1	18	37	2.04	1.349	2.04	2.809	3.416	-56	0	44	76	44	0.578947368
2	4	8	8	37	66	1.704	1.282	2.027	2.692	4.031	-48	20	68	116	48	0.413793103
2	4	11	1	32	59	1.8	1.631	2.268	2.643	3.623	-16	40	64	108	24	0.222222222
2	4	11	11	59	82	1.695	1.222	2.141	2.708	4.288	-52	24	48	92	24	0.260869565
2	4	11	11	82	95	2.097	1.357	2.227	2.906	3.369	-44	8	36	52	28	0.538461538
2	4	13	8	37	59	1.621	1.081	1.913	2.569	3.037	-64	20	68	88	48	0.545454545
2	4	15	1	53	87	1.396	1.226	2.503	2.4	3.311	-28	92	84	136	-8	-0.058823529
2	4	20	20	104	113	2.582	1.8	2.724	3.288	4.502	-32	4	16	36	12	0.333333333
2	4	23	1	103	117	2.359	1.497	2.507	4.667	5.34	-40	4	48	56	44	0.785714286
2	4	26	26	126	138	2.768	2.933	2.608	4.385	5.271	4	-4	36	48	40	0.833333333
2	4	34	1	154	163	3.043	2.284	3.215	4.423	5.543	-28	4	24	36	20	0.555555556
2	4	34	34	163	177	2.51	1.578	2.305	3.947	5.065	-28	-4	40	56	44	0.785714286
2	4	36	1	164	177	2.596	2.738	2.228	4.157	4.677	4	-12	40	52	52	1
2	4	37	1	174	198	2.061	2.373	2.215	3.855	5.176	8	4	60	96	56	0.583333333
2	4	37	37	198	211	2.472	2.307	1.798	2.897	3.551	-16	-40	24	52	64	1.230769231
2	4	41	1	192	216	1.883	2.198	1.993	2.752	4.278	20	4	56	96	52	0.541666667
2	4	41	41	216	232	2.062	1.086	2.14	3.229	3.754	-76	4	44	64	40	0.625
2	4	42	37	198	211	2.6	2.541	1.976	3.282	4.138	-8	-36	32	52	68	1.307692308
2	4	43	1	209	234	1.569	1.371	1.774	3.714	4.56	-16	12	84	100	72	0.72
2	4	43	43	234	247	2.283	1.521	2.102	3.47	4.151	-40	-8	36	52	44	0.846153846
2	4	47	1	231	247	1.956	1.303	2.234	3.722	4.553	-36	8	48	64	40	0.625
2	4	47	47	247	260	2.227	1.439	2.049	3.793	4.635	-36	-8	40	52	48	0.923076923
2	4	50	1	245	267	2.179	1.554	2.101	3.189	4.372	-36	-4	48	88	52	0.590909091
2	4	50	50	267	285	2.082	1.272	1.974	3.253	4.116	-68	-8	56	72	64	0.888888889
2	4	53	1	259	284	1.716	1.41	1.961	2.632	3.888	-32	16	52	100	36	0.36
2	4	57	53	284	297	1.945	1.199	2.333	2.527	3.017	-60	20	32	52	12	0.230769231
3	1	1	1	60	85	1.816	1.302	2.521	2.603	3.671	-48	52	56	100	4	0.04
3	1	1	1	159	195	1.774	1.701	2.424	3.231	4.938	-12	72	104	144	32	0.222222222
3	1	1	1	195	215	2.52	1.874	2.932	4.906	7.413	-28	12	52	80	40	0.5
3	1	1	1	240	261	2.474	2.593	2.44	3.358	4.131	8	-4	48	84	52	0.619047619
3	1	1	1	261	288	2.199	1.472	2.63	2.63	3.923	-68	36	36	108	0	0
3	1	9	9	83	106	1.51	1.156	2.575	3.525	4.094	-36	52	80	92	28	0.304347826
3	1	9	9	106	120	1.985	1.407	2.43	3.559	3.942	-32	12	44	56	32	0.571428571
3	1	10	1	85	105	1.696	1.265	2.21	2.584	3.569	-40	28	48	80	20	0.25
3	1	10	10	105	123	1.752	1.164	2.188	2.702	4.052	-44	20	36	72	16	0.222222222
3	1	10	10	123	138	2.048	1.613	2.437	4.078	4.943	-24	12	48	60	36	0.6
3	1	10	10	138	148	2.398	1.348	2.543	3.781	4.609	-40	4	28	40	24	0.6
3	1	10	10	162	171	3.21	1.337	2.423	4.835	5.775	-52	-20	28	36	48	1.333333333
3	1	11	9	83	103	1.514	1.183	2.135	2.437	2.921	-32	44	60	80	16	0.2
3	1	12	10	105	120	1.75	1.345	1.979	2.637	3.135	-28	16	44	60	28	0.466666667
3	1	14	1	113	158	1.585	1.221	1.976	2.44	3.87	-56	40	92	180	52	0.288888889
3	1	14	14	158	182	2	1.331	2.222	2.738	3.917	-80	16	48	96	32	0.333333333
3	1	16	10	123	136	1.935	1.129	2.615	3.044	3.684	-48	24	36	52	12	0.230769231
3	1	20	10	138	147	2.488	1.591	2.488	4.235	4.78	-32	0	28	36	28	0.777777778
3	1	28	1	195	208	2.333	1.399	1.8	3.854	4.493	-52	-24	44	52	68	1.307692308
3	1	28	28	208	220	2.237	1.668	2.237	3.705	4.041	-24	0	40	48	40	0.833333333
3	1	32	32	230	242	1.92	1.718	2.296	2.899	3.268	-12	16	36	48	20	0.416666667
3	1	36	36	231	243	1.87	2.562	2.105	2.67	3.114	32	12	36	48	24	0.5
3	1	36	36	243	260	1.674	1.368	2.376	2.72	3.06	-20	40	56	68	16	0.235294118
3	1	38	36	231	247	1.747	2.339	2.035	2.805	3.388	28	12	48	64	36	0.5625
3	1	39	1	240	259	1.884	2.188	2.009	2.475	3.284	20	4	36	76	32	0.421052632
3	1	39	39	259	294	1.641	1.179	2.073	2.692	3.512	-48	44	96	140	52	0.371428571
3	1	41	36	243	266	1.357	1.336	2.227	2.401	3.449	-4	56	64	92	8	0.086956522
3	1	44	1	261	287	1.851	1.285	2.175	2.306	3.361	-64	32	40	104	8	0.076923077
4	1	1	1	24	50	2.183	1.43	2.554	3.203	4.398	-56	20	52	104	32	0.307692308
4	1	1	1	50	71	2.232	1.431	2.512	2.748	3.461	-72	24	40	84	16	0.19047619
4	1	1	1	71	120	1.768	1.512	2.19	2.836	3.661	-36	60	132	196	72	0.367346939
4	1	1	1	120	151	1.962	1.488	2.042	3.186	4.666	-76	8	76	124	68	0.548387097
4	1	1	1	151	173	2.413	1.449	2.855	3.428	4.636	-68	16	44	88	28	0.318181818
4	1	1	1	173	192	2.558	1.794	2.696	3.258	4.261	-56	8	40	76	32	0.421052632
4	1	1	1	192	213	2.206	1.523	2.541	3.156	4.688	-56	16	44	84	28	0.333333333
4	1	1	1	213	232	2.44	1.393	2.521	3.422	5.012	-64	4	36	76	32	0.421052632
4	1	1	1	232	247	2.65	1.611	2.65	3.552	4.949	-56	0	28	60	28	0.466666667
4	1	1	1	247	263	2.507	1.422	2.507	3.226	4.243	-56	0	32	64	32	0.5
4	1	1	1	263	285	2.206	1.497	2.29	2.74	4.24	-48	4	36	88	32	0.363636364
4	1	2	2	23	39	2.085	1.478	2.266	2.708	3.581	-40	8	32	64	24	0.375
4	1	11	2	23	32	2.345	1.515	2.291	2.887	3.426	-48	-4	20	36	24	0.666666667
4	1	12	1	24	43	2.163	1.464	2.23	2.876	4.337	-48	4	32	76	28	0.368421053
4	1	12	12	43	60	2.11	1.319	2.305	2.908	4.049	-52	8	36	68	28	0.411764706
4	1	12	12	60	76	1.943	1.338	2.212	3.191	3.978	-40	12	44	64	32	0.5
4	1	15	12	43	54	2.144	1.259	2.436	2.962	3.646	-60	12	28	44	16	0.363636364
4	1	16	16	124	140	1.94	1.325	2.226	2.603	3.342	-60	20	40	64	20	0.3125
4	1	20	16	66	92	1.397	1.295	2.472	3.153	3.904	-20	64	88	104	24	0.230769231
4	1	24	16	100	115	1.865	1.321	1.963	3.125	3.96	-48	4	40	60	36	0.6
4	1	26	1	120	148	1.612	1.222	1.971	2.622	4.319	-76	36	64	112	28	0.25
4	1	26	26	162	177	2.111	1.951	3.179	3.884	4.573	-8	28	48	60	20	0.333333333
4	1	32	1	151	169	2.162	1.506	2.549	3.115	4.225	-48	16	36	72	20	0.277777778
4	1	32	32	169	189	2.062	1.321	2.157	2.647	4.081	-52	4	28	80	24	0.3
4	1	34	32	169	183	2.069	1.326	2.369	2.963	3.651	-52	12	36	56	24	0.428571429
4	1	35	1	173	198	1.984	1.351	2.291	2.842	3.923	-60	20	56	100	36	0.36
4	1	35	35	198	216	1.955	1.211	1.955	2.613	4.223	-76	0	32	72	32	0.444444444
4	1	39	1	192	220	1.966	1.383	2.286	2.795	4.218	-52	24	56	112	32	0.285714286
4	1	39	39	220	235	2.085	1.287	2.454	2.889	3.284	-72	20	44	60	24	0.4
4	1	41	1	213	230	2.155	1.339	2.356	2.833	4.434	-52	8	28	68	20	0.294117647
4	1	41	41	230	244	2.176	1.365	2.456	3.86	4.538	-44	8	44	56	36	0.642857143
4	1	45	45	249	266	2.253	2.444	2.251	2.729	4.565	12	-4	28	68	32	0.470588235
4	1	47	1	247	261	2.343	2.531	2.343	2.94	3.9	8	0	24	56	24	0.428571429
4	1	47	47	261	285	1.836	1.323	2.148	2.63	3.574	-40	20	48	96	28	0.291666667
4	1	48	45	249	263	1.939	1.188	1.936	2.547	2.918	-56	-4	40	56	44	0.785714286
4	1	50	47	261	273	1.992	1.645	2.369	2.682	2.939	-24	20	36	48	16	0.333333333
4	1	51	1	263	291	1.942	1.273	2.205	3.03	4.438	-52	20	68	112	48	0.428571429
4	2	1	1	125	144	2.361	1.48	2.449	3.231	4.73	-64	4	36	76	32	0.421052632
4	2	1	1	144	162	2.462	1.593	2.645	3.16	4.707	-48	8	36	72	28	0.388888889
4	2	1	1	284	296	2.928	1.628	2.788	3.668	4.249	-76	-8	32	48	40	0.833333333
4	2	7	1	125	146	2.09	1.31	2.135	2.739	3.5	-64	4	40	84	36	0.428571429
4	2	7	7	146	171	1.705	1.264	1.941	2.579	2.932	-56	20	76	100	56	0.56
4	2	8	1	144	160	2.172	1.202	2.172	3.046	4.224	-68	0	32	64	32	0.5
4	2	8	8	160	173	2.087	2.228	1.871	2.735	3.294	8	-12	32	52	44	0.846153846
4	2	10	8	160	172	2.037	1.148	2.175	2.612	2.998	-56	8	32	48	24	0.5
4	2	11	1	162	181	2.267	1.506	2.385	3.66	6.001	-40	4	40	76	36	0.473684211
4	2	11	11	181	195	2.986	2.883	2.423	3.708	5.132	-4	-16	24	56	40	0.714285714
4	2	11	11	195	209	2.37	1.985	1.854	2.805	3.754	-20	-28	20	56	48	0.857142857
4	2	16	1	176	198	1.85	2.241	2.026	2.807	3.973	20	8	48	88	40	0.454545455
4	2	16	16	198	219	1.977	2.255	1.952	2.352	3.332	16	-4	24	84	28	0.333333333
4	2	16	16	219	254	1.555	1.093	2.022	2.694	4.115	-68	40	84	140	44	0.314285714
4	2	19	1	196	226	1.663	2.065	1.646	2.344	3.54	32	-4	56	120	60	0.5
4	2	19	19	226	277	1.685	2.247	1.874	3.171	5.203	76	24	148	204	124	0.607843137
4	2	20	16	198	219	1.917	1.103	1.749	2.711	2.976	-68	-12	68	84	80	0.952380952
4	2	26	26	275	299	1.549	1.105	2.228	3.266	3.972	-48	44	80	96	36	0.375
4	2	30	26	275	293	1.808	1.722	2.511	2.608	3.42	-8	40	44	72	4	0.055555556
4	2	31	1	284	295	2.4	1.433	2.207	3.051	3.55	-64	-12	28	44	40	0.909090909
4	5	1	1	49	81	1.98	2.52	1.98	3.197	3.941	28	0	80	128	80	0.625
4	5	1	1	81	119	2.019	2.565	2.042	2.637	3.666	72	4	80	152	76	0.5
4	5	1	1	237	268	2.223	1.423	2.214	3.201	4.361	-60	-4	72	124	76	0.612903226
4	5	2	2	39	68	1.423	1.163	2.017	2.762	4	-60	48	80	116	32	0.275862069
4	5	2	2	68	84	1.988	1.178	2.461	3.289	3.919	-52	16	44	64	28	0.4375
4	5	3	3	36	51	2.193	1.407	2.307	4.033	4.764	-48	4	48	60	44	0.733333333
4	5	9	2	39	65	1.666	1.302	1.839	2.335	3.391	-68	20	52	104	32	0.307692308
4	5	11	1	49	76	1.877	1.432	1.804	2.747	4.548	-72	-8	52	108	60	0.555555556
4	5	11	11	96	113	2.408	1.227	2.046	3.031	4.314	-68	-16	32	68	48	0.705882353
4	5	11	11	113	127	1.965	1.965	1.873	2.724	3.44	0	-8	32	56	40	0.714285714
4	5	15	11	76	88	2.391	1.206	2.047	3.1	4.074	-80	-16	24	48	40	0.833333333
4	5	17	1	81	115	1.82	1.172	1.855	2.994	4.266	-104	4	100	136	96	0.705882353
4	5	20	11	96	106	2.258	1.15	1.918	2.747	3.49	-68	-16	20	40	36	0.9
4	5	22	11	113	123	2.219	2.318	2.035	2.829	3.3	4	-12	24	40	36	0.9
4	5	23	17	115	130	2.246	1.347	2.444	3.295	4.204	-64	8	40	60	32	0.533333333
4	5	23	23	130	145	2.231	1.362	2.476	3.803	4.847	-48	8	44	60	36	0.6
4	5	24	1	119	164	1.452	1.036	1.337	2.162	3.364	-84	-20	116	180	136	0.755555556
4	5	24	24	164	187	1.596	1.054	1.687	2.959	3.525	-68	8	76	92	68	0.739130435
4	5	28	17	134	154	1.482	1.055	1.791	2.629	3.108	-52	16	60	80	44	0.55
4	5	32	24	164	185	1.649	1.031	1.733	2.822	3.8	-80	8	64	84	56	0.666666667
4	5	33	1	164	189	1.779	1.411	1.726	4.176	4.971	-80	-12	88	100	100	1
4	5	40	40	230	247	1.7	1.409	1.958	2.717	3.298	-20	20	52	68	32	0.470588235
4	5	43	43	237	259	2.067	1.347	2.067	2.813	4.215	-48	0	36	88	36	0.409090909
4	5	43	43	259	273	2.18	1.2	2.141	3.566	4.455	-76	-4	40	56	44	0.785714286
4	5	45	43	237	250	2.107	1.16	2.018	2.918	3.452	-64	-8	36	52	44	0.846153846
4	5	47	1	237	273	1.941	1.258	1.983	3.626	5.605	-56	4	96	144	92	0.638888889
4	5	47	47	273	286	2.913	2.236	1.73	3.602	5.865	-28	-64	20	52	84	1.615384615
4	5	47	47	286	298	2.879	1.525	2.388	4.176	4.95	-48	-12	32	48	44	0.916666667
6	1	1	1	79	101	2.487	1.516	2.282	3.535	4.516	-64	-12	48	88	60	0.681818182
6	1	1	1	101	119	2.316	1.338	2.25	2.713	3.771	-84	-8	28	72	36	0.5
6	1	1	1	119	148	1.798	1.651	2.312	2.879	4.422	-12	36	68	116	32	0.275862069
6	1	1	1	148	164	2.357	1.31	2.194	3.572	5.046	-72	-8	36	64	44	0.6875
6	1	1	1	183	197	2.376	2.343	2.282	2.762	3.592	-8	-12	20	56	32	0.571428571
6	1	1	1	197	227	1.902	2.311	2.17	2.679	4.648	36	20	56	120	36	0.3
6	1	2	2	11	25	1.782	1.413	2.135	2.374	2.865	-28	24	36	56	12	0.214285714
6	1	2	2	25	58	1.365	1.106	1.923	2.51	3.091	-24	40	100	132	60	0.454545455
6	1	6	6	15	28	2.356	1.381	2.122	3.781	4.898	-44	-8	36	52	44	0.846153846
6	1	10	2	11	31	1.546	1.226	2.133	2.532	3.053	-28	32	56	80	24	0.3
6	1	12	2	25	51	1.458	1.133	2.287	3.209	3.596	-28	48	88	104	40	0.384615385
6	1	15	1	44	76	1.374	1.102	1.682	2.807	5.373	-44	28	80	128	52	0.40625
6	1	15	15	86	98	2.058	1.403	2.058	3.275	4.006	-32	0	32	48	32	0.666666667
6	1	19	1	79	101	1.985	1.158	1.962	2.932	4.65	-72	-4	44	88	48	0.545454545
6	1	19	19	101	115	2.368	1.4	2.239	2.819	4.342	-56	-8	16	56	24	0.428571429
6	1	19	19	115	123	2.166	1.253	2.249	2.589	3.241	-52	4	16	32	12	0.375
6	1	23	1	101	126	2.11	1.25	1.912	2.407	3.858	-80	-20	24	100	44	0.44
6	1	26	1	119	143	1.899	1.312	2.264	3.141	5.3	-56	20	56	96	36	0.375
6	1	26	26	143	158	2.673	1.336	2.429	3.551	5.794	-60	-8	24	60	32	0.533333333
6	1	30	1	148	170	1.979	1.073	1.843	2.787	4.287	-76	-8	44	88	52	0.590909091
6	1	30	30	170	180	2.173	1.396	2.26	2.77	3.255	-48	4	24	40	20	0.5
6	1	33	1	164	180	2.5	1.306	1.696	3.484	5.704	-56	-32	28	64	60	0.9375
6	1	33	33	180	194	2.868	2.398	2.252	3.828	5.951	-16	-20	24	56	44	0.785714286
6	1	33	33	194	203	2.908	2.541	2.157	3.941	4.735	-12	-24	24	36	48	1.333333333
6	1	37	1	183	204	2.194	2.193	1.639	2.784	3.845	-4	-40	32	84	72	0.857142857
6	1	41	37	204	225	2.006	1.244	2.041	2.432	3.379	-76	4	36	84	32	0.380952381
6	2	1	1	25	43	2.345	2.547	2.345	3.213	4.026	8	0	32	72	32	0.444444444
6	2	1	1	43	65	2.01	1.369	2.124	3.481	5.111	-60	4	52	88	48	0.545454545
6	2	1	1	131	146	2.321	2.111	1.759	4.311	4.789	-8	-20	52	60	72	1.2
6	2	1	1	146	159	2.339	2.135	2.033	3.468	4.261	-8	-12	36	52	48	0.923076923
6	2	1	1	159	172	2.236	1.403	2.713	3.281	3.67	-44	16	40	52	24	0.461538462
6	2	1	1	172	190	1.785	1.394	2.435	3.195	3.537	-32	32	60	72	28	0.388888889
6	2	1	1	190	209	1.794	1.431	2.232	3.083	3.564	-28	24	60	76	36	0.473684211
6	2	1	1	229	253	1.683	1.408	2.067	2.654	2.986	-32	32	76	96	44	0.458333333
6	2	1	1	253	280	1.55	1.177	2.139	2.812	3.412	-48	40	80	108	40	0.37037037
6	2	1	1	280	296	1.763	1.341	2.027	2.69	3.178	-44	16	44	64	28	0.4375
6	2	2	2	9	19	2.569	2.74	2.569	3.804	4.218	4	0	32	40	32	0.8
6	2	5	5	23	39	1.949	1.55	2.256	2.621	2.969	-32	20	44	64	24	0.375
6	2	9	1	25	41	2.498	2.498	2.477	3.44	5.384	0	-4	32	64	36	0.5625
6	2	9	9	41	51	2.628	2.407	2.121	4.531	4.844	-8	-16	36	40	52	1.3
6	2	12	1	43	62	1.87	1.228	2.111	2.397	3.164	-64	16	36	76	20	0.263157895
6	2	16	16	73	96	1.671	2.233	2.035	2.985	3.103	32	20	76	92	56	0.608695652
6	2	19	1	70	95	1.588	2.412	2.224	3.79	5.512	32	24	68	100	44	0.44
6	2	21	21	103	115	2.016	1.373	2.1	2.786	3.313	-36	4	32	48	28	0.583333333
6	2	25	21	103	115	2.165	2.412	2.272	3.198	3.569	8	4	36	48	32	0.666666667
6	2	30	30	129	145	2.147	2.263	2.041	4.061	4.318	4	-4	56	64	60	0.9375
6	2	33	1	131	149	2.576	1.317	2.199	3.933	7.303	-48	-12	32	72	44	0.611111111
6	2	36	36	159	171	2.176	2.506	2.329	2.731	3.266	16	8	28	48	20	0.416666667
6	2	39	1	159	180	1.958	1.413	2.101	3.131	4.363	-32	4	48	84	44	0.523809524
6	2	40	36	159	172	2	1.566	2.365	2.71	3.286	-24	16	32	52	16	0.307692308
6	2	43	43	198	213	2.469	1.245	2.28	3.187	4.21	-76	-12	32	60	44	0.733333333
6	2	43	43	213	226	2.127	1.318	2.127	2.932	3.35	-56	0	40	52	40	0.769230769
6	2	45	39	180	190	2.169	1.123	2.173	2.705	3.093	-76	-4	24	40	28	0.7
6	2	46	1	190	217	1.668	1.331	2.133	2.853	3.988	-28	24	68	108	44	0.407407407
6	2	46	46	217	230	2.053	1.222	2.053	3.074	3.66	-68	0	36	52	36	0.692307692
6	2	52	52	236	250	2.843	1.25	2.843	3.765	5.269	-68	0	24	56	24	0.428571429
6	2	52	52	250	259	2.616	2.127	1.834	3.212	3.522	-20	-36	28	36	64	1.777777778
6	2	55	1	229	258	1.55	1.366	1.808	3.215	5.115	-24	16	80	116	64	0.551724138
6	2	55	55	258	273	2.47	1.116	2.15	3.468	5.574	-68	-12	28	60	40	0.666666667
6	2	60	55	258	268	2.536	1.078	2.466	3.551	4.123	-76	-4	28	40	32	0.8
6	2	61	1	253	286	1.366	1.101	1.848	2.711	5.436	-40	32	68	132	36	0.272727273
6	3	1	1	22	49	1.805	1.233	1.756	2.881	4.644	-76	-8	64	108	72	0.666666667
6	3	1	1	49	67	2.356	1.149	2.589	3.133	4.665	-80	8	32	72	24	0.333333333
6	3	1	1	86	100	2.833	1.315	2.291	3.864	6.205	-60	-16	24	56	40	0.714285714
6	3	1	1	100	116	2.865	1.4	2.769	3.942	5.836	-52	-4	32	64	36	0.5625
6	3	1	1	116	129	2.86	2.079	1.882	3.223	4.214	-28	-36	16	52	52	1
6	3	1	1	129	153	2.149	2.254	2.163	3.016	4.294	8	-8	56	96	64	0.666666667
6	3	1	1	153	170	2.127	1.239	1.965	2.666	4.064	-76	-12	28	68	40	0.588235294
6	3	1	1	170	193	2.123	1.284	2.187	3.698	5.539	-52	4	60	92	56	0.608695652
6	3	1	1	193	209	2.668	1.256	1.904	4.069	6.625	-72	-28	32	64	60	0.9375
6	3	1	1	209	218	3.195	2.85	2.481	4.018	4.655	-12	-20	24	36	44	1.222222222
6	3	1	1	218	230	2.379	2.287	2.073	3.346	3.857	-4	-12	36	48	48	1
6	3	1	1	230	247	1.786	2.05	1.983	3.111	3.998	16	12	48	68	36	0.529411765
6	3	1	1	247	264	2.036	1.062	2.271	3.608	4.484	-52	8	52	68	44	0.647058824
6	3	1	1	264	277	2.372	1.504	2.27	3.447	4.437	-40	-4	32	52	36	0.692307692
6	3	2	2	7	42	1.408	1.338	2.101	2.981	3.441	-20	68	120	140	52	0.371428571
6	3	2	2	42	63	1.654	1.282	2.303	3.137	3.676	-44	36	68	84	32	0.380952381
6	3	3	3	2	28	1.698	2.62	2.559	3.27	3.718	52	48	84	104	36	0.346153846
6	3	9	1	22	49	1.82	1.208	1.824	2.531	2.948	-80	-4	72	108	76	0.703703704
6	3	11	1	49	63	2.173	1.103	2.139	3.146	3.907	-72	-4	36	56	40	0.714285714
6	3	11	11	63	80	1.963	1.363	2.743	3.931	4.24	-36	24	60	68	36	0.529411765
6	3	18	18	91	105	1.915	1.663	2.555	3.264	3.929	-16	20	40	56	20	0.357142857
6	3	21	21	120	134	2.56	1.344	2.95	4.404	5.124	-44	12	44	56	32	0.571428571
6	3	26	26	125	137	1.965	2.158	2.041	2.985	3.391	8	4	36	48	32	0.666666667
6	3	26	26	137	154	1.639	1.074	2.277	2.658	3.404	-40	32	48	68	16	0.235294118
6	3	28	1	129	152	1.95	2.072	2.023	2.849	3.217	12	8	72	92	64	0.695652174
6	3	29	26	125	141	1.846	2.036	1.933	3.029	3.3	8	4	48	64	44	0.6875
6	3	31	26	137	153	1.654	1.084	2.375	2.817	3.14	-40	32	52	64	20	0.3125
6	3	33	1	153	168	2.023	1.327	2.022	3.026	3.755	-56	-4	40	60	44	0.733333333
6	3	37	1	170	186	1.844	1.047	2.002	3.076	3.584	-60	8	48	64	40	0.625
6	3	40	40	200	216	1.93	1.548	2.626	3.346	3.876	-20	28	52	64	24	0.375
6	3	46	46	216	230	2.312	2.456	2.208	4.06	4.615	4	-4	48	56	52	0.928571429
6	3	49	1	218	230	2.231	2.231	1.945	3.318	3.816	0	-12	36	48	48	1
