Pos	Channel	Cell	MothCell	BirthFr	DivFr	Lb	Lri	Lrt	Lc	Ld	Tri	Trt	Tn	Tc	Td	Tn-Trt	Tc-Trt	Tc-Tn	(Tn-Trt)/Td	(Tc-Trt)/ Td	(Tc-Tn)/ Td
1	1	2	2	54	108	1.654	1.711	2.596	2.917	3.253	36	148	180	172	216	32	24	-8	0.148148148	0.111111111	-0.037037037
1	1	2	2	107	161	1.697	2.004	2.773	3.11	3.459	76	148	180	176	216	32	28	-4	0.148148148	0.12962963	-0.018518519
1	1	2	2	161	208	1.743	2.177	2.819	3.181	3.597	60	132	160	148	188	28	16	-12	0.14893617	0.085106383	-0.063829787
1	1	2	2	208	264	1.816	1.999	2.737	2.964	3.551	56	160	184	184	224	24	24	0	0.107142857	0.107142857	0
1	1	2	2	264	309	2.009	2.134	2.815	2.759	3.475	20	132	128	144	180	-4	12	16	-0.022222222	0.066666667	0.088888889
1	1	3	3	56	112	1.636	2.114	2.65	2.898	3.351	84	176	192	184	224	16	8	-8	0.071428571	0.035714286	-0.035714286
1	1	13	2	54	109	1.572	1.976	2.865	3.199	3.857	68	164	184	180	220	20	16	-4	0.090909091	0.072727273	-0.018181818
1	1	13	13	109	150	1.887	2.15	2.914	3.084	3.524	32	116	132	132	164	16	16	0	0.097560976	0.097560976	0
1	1	13	13	150	187	1.834	1.933	2.805	2.927	3.837	12	108	116	108	148	8	0	-8	0.054054054	0	-0.054054054
1	1	15	2	108	167	1.526	2.095	2.84	3.168	3.635	88	180	204	200	236	24	20	-4	0.101694915	0.084745763	-0.016949153
1	1	15	15	167	224	1.72	1.831	2.451	2.922	3.29	16	156	192	184	228	36	28	-8	0.157894737	0.122807018	-0.035087719
1	1	16	13	109	145	1.97	2.264	2.751	2.751	3.338	28	112	112	116	144	0	4	4	0	0.027777778	0.027777778
1	1	20	2	161	214	1.716	2.125	2.875	3.021	3.545	48	144	168	168	212	24	24	0	0.113207547	0.113207547	0
1	1	21	15	167	209	1.915	1.855	2.87	2.914	3.026	24	128	136	132	168	8	4	-4	0.047619048	0.023809524	-0.023809524
1	1	25	2	208	260	1.781	2.302	3.074	3.156	3.82	60	148	156	168	208	8	20	12	0.038461538	0.096153846	0.057692308
1	1	27	20	214	272	1.768	1.766	2.376	2.745	3.17	56	152	192	184	232	40	32	-8	0.172413793	0.137931034	-0.034482759
1	2	1	1	179	218	1.724	1.544	1.974	2.489	3.075	-84	36	112	112	156	76	76	0	0.487179487	0.487179487	0
1	2	1	1	218	283	1.455	1.67	2.224	2.479	2.883	44	156	208	208	260	52	52	0	0.2	0.2	0
1	2	2	2	21	79	1.569	1.866	2.453	2.935	3.169	52	148	204	184	232	56	36	-20	0.24137931	0.155172414	-0.086206897
1	2	2	2	79	168	1.397	2.332	2.994	3.115	3.618	208	304	312	296	356	8	-8	-16	0.02247191	-0.02247191	-0.04494382
1	2	3	3	22	63	1.5	1.726	2.586	2.812	3.628	32	112	124	124	164	12	12	0	0.073170732	0.073170732	0
1	2	12	12	155	209	1.996	2.038	2.726	3.39	4.231	12	104	160	168	216	56	64	8	0.259259259	0.296296296	0.037037037
1	2	12	12	209	247	2.168	2.089	3.148	3.616	4.263	-8	88	124	128	152	36	40	4	0.236842105	0.263157895	0.026315789
1	2	14	2	79	155	1.773	2.382	3.193	3.951	3.992	132	244	276	256	304	32	12	-20	0.105263158	0.039473684	-0.065789474
1	2	17	12	156	224	1.965	1.966	2.668	2.776	3.479	4	176	192	204	272	16	28	12	0.058823529	0.102941176	0.044117647
1	2	21	12	209	238	2.063	1.879	2.409	2.551	3.202	-16	52	68	80	116	16	28	12	0.137931034	0.24137931	0.103448276
1	2	22	1	218	263	1.619	1.546	1.96	2.351	2.89	-8	72	124	128	180	52	56	4	0.288888889	0.311111111	0.022222222
1	5	1	1	44	91	1.295	1.646	2.28	2.28	2.923	60	144	144	152	188	0	8	8	0	0.042553191	0.042553191
1	5	1	1	91	135	1.318	1.712	2.394	2.394	3.035	60	132	132	136	176	0	4	4	0	0.022727273	0.022727273
1	5	1	1	135	184	1.374	1.766	2.66	2.587	3.08	64	164	156	156	196	-8	-8	0	-0.040816327	-0.040816327	0
1	5	1	1	184	228	1.401	1.484	2.157	2.409	2.802	12	108	136	128	176	28	20	-8	0.159090909	0.113636364	-0.045454545
1	5	1	1	228	294	1.114	1.512	2.248	2.404	3.055	80	192	208	212	264	16	20	4	0.060606061	0.075757576	0.015151515
1	5	2	2	63	92	1.962	1.768	2.282	2.546	3.006	-20	40	72	80	116	32	40	8	0.275862069	0.344827586	0.068965517
1	5	2	2	92	140	1.629	2.041	2.607	2.691	3.291	72	148	156	160	192	8	12	4	0.041666667	0.0625	0.020833333
1	5	3	3	47	89	1.748	1.868	2.29	2.443	2.864	24	96	116	120	168	20	24	4	0.119047619	0.142857143	0.023809524
1	5	12	1	44	98	1.474	1.816	2.501	2.653	3.073	64	148	168	164	216	20	16	-4	0.092592593	0.074074074	-0.018518519
1	5	12	12	98	160	1.532	1.932	2.378	2.918	3.292	76	156	212	196	248	56	40	-16	0.225806452	0.161290323	-0.064516129
1	5	13	3	47	88	1.598	1.509	2.097	2.464	3.082	8	84	124	144	164	40	60	20	0.243902439	0.365853659	0.12195122
1	5	16	2	63	94	1.832	1.714	2.106	2.414	2.9	-24	44	76	96	124	32	52	20	0.258064516	0.419354839	0.161290323
1	5	19	1	90	131	1.583	1.78	2.35	2.465	2.837	36	116	124	120	164	8	4	-4	0.048780488	0.024390244	-0.024390244
1	5	19	19	130	207	1.432	1.986	2.593	2.617	3.115	120	220	228	236	308	8	16	8	0.025974026	0.051948052	0.025974026
1	5	22	12	98	150	1.541	1.664	2.212	2.484	2.897	40	136	164	168	208	28	32	4	0.134615385	0.153846154	0.019230769
1	5	23	19	131	191	1.391	1.745	2.425	2.425	2.973	88	192	192	204	240	0	12	12	0	0.05	0.05
1	5	24	1	136	221	1.655	2.036	2.991	3.192	3.885	68	224	280	280	340	56	56	0	0.164705882	0.164705882	0
1	5	24	24	221	254	1.969	1.832	2.251	2.639	2.995	-20	60	88	92	132	28	32	4	0.212121212	0.242424242	0.03030303
1	5	24	24	254	303	1.506	1.889	2.724	2.949	4.169	68	136	148	168	196	12	32	20	0.06122449	0.163265306	0.102040816
1	5	28	1	184	225	1.679	1.821	2.503	2.564	3.04	32	112	120	128	164	8	16	8	0.048780488	0.097560976	0.048780488
1	5	28	28	225	296	1.59	2.232	3.114	3.076	3.8	88	204	212	216	284	8	12	4	0.028169014	0.042253521	0.014084507
1	5	32	24	221	257	1.915	1.875	2.503	2.636	3.166	-16	80	104	100	144	24	20	-4	0.166666667	0.138888889	-0.027777778
1	5	33	28	225	300	1.45	2.149	2.947	3.075	3.708	116	236	256	248	300	20	12	-8	0.066666667	0.04	-0.026666667
1	5	34	1	228	312	1.688	1.967	2.635	2.76	3.256	44	228	252	268	336	24	40	16	0.071428571	0.119047619	0.047619048
2	2	1	1	40	124	1.443	1.865	2.644	2.774	3.519	84	260	276	304	336	16	44	28	0.047619048	0.130952381	0.083333333
2	2	1	1	125	162	1.722	1.756	2.127	2.589	3.014	4	68	112	120	148	44	52	8	0.297297297	0.351351351	0.054054054
2	2	1	1	162	235	1.305	1.873	2.454	2.728	3.231	116	216	248	240	292	32	24	-8	0.109589041	0.082191781	-0.02739726
2	2	1	1	236	303	1.509	1.806	2.592	2.696	3.002	52	180	200	212	268	20	32	12	0.074626866	0.119402985	0.044776119
2	2	2	2	69	119	1.663	1.85	2.524	2.716	3.294	44	128	148	160	200	20	32	12	0.1	0.16	0.06
2	2	2	2	119	171	1.703	1.847	2.605	2.869	3.317	28	124	160	168	208	36	44	8	0.173076923	0.211538462	0.038461538
2	2	3	3	75	113	1.796	1.852	2.441	2.7	3.195	12	88	108	112	152	20	24	4	0.131578947	0.157894737	0.026315789
2	2	14	2	69	120	1.769	1.913	2.393	2.607	3.043	32	124	148	156	204	24	32	8	0.117647059	0.156862745	0.039215686
2	2	20	1	125	163	1.889	2.025	2.742	2.806	3.448	20	92	100	112	152	8	20	12	0.052631579	0.131578947	0.078947368
2	2	20	20	163	206	1.826	2.203	3.158	3.189	3.616	52	136	140	136	172	4	0	-4	0.023255814	0	-0.023255814
2	2	20	20	208	253	1.965	2.385	2.998	3.252	3.747	76	132	152	152	180	20	20	0	0.111111111	0.111111111	0
2	2	20	20	253	287	1.901	2.151	2.638	2.733	3.063	48	96	112	112	136	16	16	0	0.117647059	0.117647059	0
2	2	21	1	162	211	1.709	1.927	2.718	3.07	3.412	48	140	164	152	196	24	12	-12	0.12244898	0.06122449	-0.06122449
2	2	21	21	211	279	1.614	2.11	2.604	3.289	3.63	88	136	232	220	272	96	84	-12	0.352941176	0.308823529	-0.044117647
2	2	22	20	164	211	1.619	1.837	2.355	2.713	3.086	40	116	152	152	188	36	36	0	0.191489362	0.191489362	0
2	2	26	21	210	277	1.821	2.445	3.023	3.612	3.906	108	184	244	228	268	60	44	-16	0.223880597	0.164179104	-0.059701493
2	3	1	1	15	60	1.446	1.809	2.558	2.807	3.242	48	128	148	140	180	20	12	-8	0.111111111	0.066666667	-0.044444444
2	3	1	1	60	111	1.464	1.996	2.784	3.123	3.552	72	148	172	168	204	24	20	-4	0.117647059	0.098039216	-0.019607843
2	3	1	1	111	146	1.778	2.085	2.865	2.865	3.392	32	108	108	108	140	0	0	0	0	0	0
2	3	1	1	146	183	1.779	2.017	2.896	3.099	3.591	28	108	124	112	148	16	4	-12	0.108108108	0.027027027	-0.081081081
2	3	1	1	184	224	1.736	2.015	2.858	3.161	3.771	28	108	132	140	160	24	32	8	0.15	0.2	0.05
2	3	1	1	224	273	1.886	2.154	2.904	3.38	3.749	64	144	176	164	196	32	20	-12	0.163265306	0.102040816	-0.06122449
2	3	2	2	10	87	1.729	2.105	3.12	3.245	3.866	76	240	252	252	308	12	12	0	0.038961039	0.038961039	0
2	3	10	1	15	64	1.807	2.096	2.68	2.993	3.423	48	124	156	156	196	32	32	0	0.163265306	0.163265306	0
2	3	10	10	64	114	1.656	1.978	2.822	2.822	3.499	56	152	152	156	200	0	4	4	0	0.02	0.02
2	3	13	1	59	109	1.753	2.135	2.852	2.986	3.446	68	144	160	156	200	16	12	-4	0.08	0.06	-0.02
2	3	13	13	109	157	1.793	2.148	2.798	2.952	3.441	52	132	148	156	192	16	24	8	0.083333333	0.125	0.041666667
2	3	14	10	64	117	1.767	2.045	2.739	2.894	3.41	60	152	172	172	212	20	20	0	0.094339623	0.094339623	0
2	3	16	1	111	153	1.774	2.015	2.783	2.998	3.456	36	116	132	124	168	16	8	-8	0.095238095	0.047619048	-0.047619048
2	3	16	16	153	215	1.754	2.231	2.926	3.357	3.8	60	152	200	204	248	48	52	4	0.193548387	0.209677419	0.016129032
2	3	20	1	146	195	1.614	1.68	2.625	2.923	3.478	12	124	156	156	196	32	32	0	0.163265306	0.163265306	0
2	3	20	20	195	235	1.728	1.895	2.605	2.998	3.526	24	88	128	124	160	40	36	-4	0.25	0.225	-0.025
2	3	24	1	183	225	1.881	2.181	2.979	3.376	3.783	44	116	136	128	168	20	12	-8	0.119047619	0.071428571	-0.047619048
2	3	24	24	225	269	2.009	2.337	3.249	3.196	3.688	36	136	132	136	176	-4	0	4	-0.022727273	0	0.022727273
2	3	25	20	195	235	1.75	2.076	2.747	2.747	3.148	44	120	124	116	160	4	-4	-8	0.025	-0.025	-0.05
2	3	29	24	225	266	1.775	1.958	2.782	3.064	3.515	24	116	136	124	164	20	8	-12	0.12195122	0.048780488	-0.073170732
2	3	30	1	224	269	1.886	2.241	2.924	3.074	3.343	52	140	148	136	180	8	-4	-12	0.044444444	-0.022222222	-0.066666667
2	4	1	1	18	77	1.399	1.772	2.226	2.959	3.41	96	168	204	216	236	36	48	12	0.152542373	0.203389831	0.050847458
2	4	1	1	78	127	1.636	1.757	2.605	2.726	3.266	36	136	144	164	196	8	28	20	0.040816327	0.142857143	0.102040816
2	4	1	1	127	219	1.552	1.832	2.472	3.448	3.65	96	248	316	332	368	68	84	16	0.184782609	0.22826087	0.043478261
2	4	1	1	218	260	1.77	1.765	2.081	2.422	3.432	-8	92	128	136	168	36	44	8	0.214285714	0.261904762	0.047619048
2	4	10	10	116	178	1.574	1.677	2.886	3.19	3.836	92	184	204	208	248	20	24	4	0.080645161	0.096774194	0.016129032
2	4	12	1	127	195	1.714	2.135	2.749	2.886	4.143	72	196	240	244	272	44	48	4	0.161764706	0.176470588	0.014705882
2	4	12	12	195	243	1.863	1.776	2.689	2.857	3.5	24	108	148	160	192	40	52	12	0.208333333	0.270833333	0.0625
2	4	15	1	219	263	1.876	1.969	2.516	2.997	3.56	-12	92	140	156	176	48	64	16	0.272727273	0.363636364	0.090909091
3	1	6	6	7	53	1.842	1.842	2.489	3.309	3.809	0	68	148	144	184	80	76	-4	0.434782609	0.413043478	-0.02173913
3	3	1	1	47	104	2.404	2.924	3.637	3.871	4.399	92	168	188	192	228	20	24	4	0.087719298	0.105263158	0.01754386
3	3	1	1	104	164	2.597	3.039	3.859	4.092	4.316	72	184	212	192	240	28	8	-20	0.116666667	0.033333333	-0.083333333
3	3	1	1	163	274	2.526	2.774	3.538	3.787	4.28	56	284	368	384	444	84	100	16	0.189189189	0.225225225	0.036036036
3	3	2	2	21	69	1.492	1.928	2.511	2.541	3.016	60	148	152	156	192	4	8	4	0.020833333	0.041666667	0.020833333
3	3	8	1	5	47	1.801	1.855	2.474	2.946	3.446	8	84	140	136	168	56	52	-4	0.333333333	0.30952381	-0.023809524
3	3	8	8	47	99	1.693	1.906	2.573	3.078	3.55	28	128	176	152	208	48	24	-24	0.230769231	0.115384615	-0.115384615
3	3	8	8	99	157	1.73	1.981	2.484	3.013	3.031	48	124	184	192	232	60	68	8	0.25862069	0.293103448	0.034482759
3	3	11	1	46	111	1.605	2.225	2.816	3.025	3.625	116	200	216	220	260	16	20	4	0.061538462	0.076923077	0.015384615
3	3	11	11	110	158	1.884	2.281	2.912	3.024	3.447	56	140	152	148	192	12	8	-4	0.0625	0.041666667	-0.020833333
3	3	11	11	158	202	1.704	1.879	2.37	2.712	3.108	44	108	140	124	176	32	16	-16	0.181818182	0.090909091	-0.090909091
3	3	11	11	202	247	1.616	1.806	2.366	2.597	2.911	52	124	144	144	180	20	20	0	0.111111111	0.111111111	0
3	3	12	8	47	96	1.753	1.967	2.503	2.907	3.222	36	108	160	156	196	52	48	-4	0.265306122	0.244897959	-0.020408163
3	3	15	8	99	141	1.82	2.044	2.818	2.884	3.706	36	120	132	128	168	12	8	-4	0.071428571	0.047619048	-0.023809524
3	3	17	11	109	181	1.652	2.065	3.012	3.055	3.661	72	232	240	248	288	8	16	8	0.027777778	0.055555556	0.027777778
3	3	20	11	158	198	1.743	1.931	2.583	2.755	3.468	28	100	120	128	160	20	28	8	0.125	0.175	0.05
3	3	21	1	164	216	1.813	2.141	2.663	2.885	3.32	52	132	160	164	208	28	32	4	0.134615385	0.153846154	0.019230769
3	3	21	21	214	270	1.687	2.15	2.901	2.964	3.522	88	180	184	188	224	4	8	4	0.017857143	0.035714286	0.017857143
3	3	21	21	270	315	1.824	2.069	2.92	2.92	3.595	32	128	128	128	180	0	0	0	0	0	0
3	3	25	21	215	285	1.606	2.033	2.776	2.987	3.652	108	220	236	240	280	16	20	4	0.057142857	0.071428571	0.014285714
3	3	30	21	270	314	1.698	1.914	2.788	2.841	3.325	32	136	140	144	176	4	8	4	0.022727273	0.045454545	0.022727273
3	5	1	1	32	76	2.722	2.852	3.822	3.868	4.352	16	120	124	140	176	4	20	16	0.022727273	0.113636364	0.090909091
3	5	1	1	76	119	2.622	2.953	3.743	3.743	4.255	48	132	132	144	172	0	12	12	0	0.069767442	0.069767442
3	5	1	1	119	217	2.614	3.178	3.992	4.023	4.279	120	284	324	340	392	40	56	16	0.102040816	0.142857143	0.040816327
3	5	3	3	21	77	1.66	1.919	2.434	2.58	3.195	52	156	172	180	224	16	24	8	0.071428571	0.107142857	0.035714286
3	5	10	1	32	72	1.897	2.209	2.855	2.935	3.441	40	112	120	116	160	8	4	-4	0.05	0.025	-0.025
3	5	10	10	72	173	1.784	2.259	3.193	3.777	4.479	120	312	360	364	404	48	52	4	0.118811881	0.128712871	0.00990099
3	5	13	10	73	120	1.681	1.883	2.552	2.629	2.985	48	136	152	152	188	16	16	0	0.085106383	0.085106383	0
3	5	14	1	77	141	1.752	2.46	3.15	3.347	3.92	100	196	216	228	256	20	32	12	0.078125	0.125	0.046875
3	5	14	14	142	180	1.814	1.917	2.455	2.625	3.103	16	92	112	112	152	20	20	0	0.131578947	0.131578947	0
3	5	14	14	180	236	1.565	1.956	2.592	2.648	3.108	80	172	180	184	224	8	12	4	0.035714286	0.053571429	0.017857143
3	5	14	14	236	295	1.591	2.141	2.658	2.944	3.163	104	176	208	200	236	32	24	-8	0.13559322	0.101694915	-0.033898305
3	5	16	1	119	203	1.641	2.096	3.02	3.065	3.355	72	232	256	264	336	24	32	8	0.071428571	0.095238095	0.023809524
3	5	16	16	202	304	1.606	2.005	2.62	2.861	3.371	192	336	360	352	408	24	16	-8	0.058823529	0.039215686	-0.019607843
3	5	18	14	141	179	2.13	2.249	2.649	2.87	3.211	20	80	112	120	152	32	40	8	0.210526316	0.263157895	0.052631579
3	5	20	14	180	234	1.538	1.815	2.467	2.613	3.101	40	160	172	180	216	12	20	8	0.055555556	0.092592593	0.037037037
3	5	22	16	203	282	1.751	2.042	2.631	3.054	3.486	140	236	272	280	316	36	44	8	0.113924051	0.139240506	0.025316456
4	2	1	1	67	105	2.637	2.754	3.382	3.433	3.876	20	104	112	116	152	8	12	4	0.052631579	0.078947368	0.026315789
4	2	1	1	106	180	2.464	3.09	3.852	3.852	4.343	128	252	252	264	296	0	12	12	0	0.040540541	0.040540541
4	2	1	1	180	245	2.544	2.966	3.688	3.818	4.307	100	196	212	228	260	16	32	16	0.061538462	0.123076923	0.061538462
4	2	1	1	245	309	2.653	3.098	3.578	3.852	4.128	88	180	212	192	256	32	12	-20	0.125	0.046875	-0.078125
4	2	2	2	66	104	1.712	1.609	2.265	2.477	2.995	-16	92	116	116	152	24	24	0	0.157894737	0.157894737	0
4	2	2	2	105	152	1.614	1.851	2.503	2.854	3.607	32	108	136	136	188	28	28	0	0.14893617	0.14893617	0
4	2	4	4	12	67	1.986	1.968	2.661	2.862	3.391	-8	132	164	180	220	32	48	16	0.145454545	0.218181818	0.072727273
4	2	11	2	66	101	1.94	1.827	2.387	2.718	3.224	-16	64	96	92	140	32	28	-4	0.228571429	0.2	-0.028571429
4	2	12	1	67	108	1.707	1.743	2.166	2.492	2.897	8	80	120	128	164	40	48	8	0.243902439	0.292682927	0.048780488
4	2	12	12	109	171	1.482	1.996	2.931	2.959	3.419	92	192	196	200	248	4	8	4	0.016129032	0.032258065	0.016129032
4	2	12	12	171	236	1.735	2.065	3.05	2.992	3.548	72	200	224	216	260	24	16	-8	0.092307692	0.061538462	-0.030769231
4	2	16	1	105	158	1.416	1.742	2.383	2.72	2.995	56	152	188	164	212	36	12	-24	0.169811321	0.056603774	-0.113207547
4	2	16	16	158	220	1.482	2.03	2.668	2.837	3.301	100	192	208	196	248	16	4	-12	0.064516129	0.016129032	-0.048387097
4	2	17	2	105	151	1.459	1.735	2.317	2.862	3.496	44	112	148	160	184	36	48	12	0.195652174	0.260869565	0.065217391
4	2	18	12	109	173	1.473	2.015	2.398	3.119	3.807	84	132	208	220	256	76	88	12	0.296875	0.34375	0.046875
4	2	21	16	158	222	1.513	1.903	2.433	2.595	3.085	80	192	212	220	256	20	28	8	0.078125	0.109375	0.03125
4	2	24	1	180	223	1.799	2.091	2.625	2.886	3.172	48	124	148	140	172	24	16	-8	0.139534884	0.093023256	-0.046511628
4	2	24	24	223	271	1.612	2.064	2.702	2.761	3.151	60	148	152	148	192	4	0	-4	0.020833333	0	-0.020833333
4	2	27	24	223	281	1.56	1.841	2.467	2.768	3.187	60	152	192	200	232	40	48	8	0.172413793	0.206896552	0.034482759
4	2	29	1	242	310	2.094	2.097	2.81	2.816	3.25	108	196	216	228	272	20	32	12	0.073529412	0.117647059	0.044117647
4	4	1	1	159	206	2.968	2.422	3.535	3.708	4.086	-36	120	144	144	188	24	24	0	0.127659574	0.127659574	0
4	4	2	2	34	106	1.549	1.854	2.802	2.784	3.514	64	212	216	232	288	4	20	16	0.013888889	0.069444444	0.055555556
4	4	2	2	106	141	1.828	1.875	2.568	2.833	3.136	8	92	112	100	140	20	8	-12	0.142857143	0.057142857	-0.085714286
4	4	2	2	141	183	1.66	1.796	2.575	2.799	3.284	24	112	132	140	168	20	28	8	0.119047619	0.166666667	0.047619048
4	4	2	2	183	232	1.674	2.058	2.875	2.917	3.313	76	156	160	164	196	4	8	4	0.020408163	0.040816327	0.020408163
4	4	3	3	37	88	1.883	2.088	2.73	2.867	3.378	44	144	160	168	204	16	24	8	0.078431373	0.117647059	0.039215686
4	4	11	2	34	101	1.681	2.055	2.706	2.952	3.377	104	196	224	236	268	28	40	12	0.104477612	0.149253731	0.044776119
4	4	12	3	38	84	1.701	2.02	2.586	2.829	3.375	44	120	144	164	184	24	44	20	0.130434783	0.239130435	0.108695652
4	4	15	11	101	156	1.94	2.098	2.955	3.047	3.525	40	168	172	204	220	4	36	32	0.018181818	0.163636364	0.145454545
4	4	16	2	105	148	1.665	1.705	2.374	2.737	3.132	8	92	132	140	172	40	48	8	0.23255814	0.279069767	0.046511628
4	4	16	16	148	199	1.655	1.997	2.692	2.988	3.352	56	136	164	172	204	28	36	8	0.137254902	0.176470588	0.039215686
4	4	19	2	141	187	1.476	1.717	2.422	2.718	3.238	40	124	148	152	184	24	28	4	0.130434783	0.152173913	0.02173913
4	4	22	1	160	203	2.239	2.453	2.53	3.031	3.412	-32	44	116	120	172	72	76	4	0.418604651	0.441860465	0.023255814
4	4	22	22	205	266	1.622	1.91	2.542	2.851	3.317	68	156	196	208	244	40	52	12	0.163934426	0.213114754	0.049180328
4	4	23	2	183	229	1.611	2.118	2.765	2.844	3.653	56	128	132	152	184	4	24	20	0.02173913	0.130434783	0.108695652
4	4	26	22	203	259	1.836	2.075	2.711	2.911	3.201	84	168	180	180	224	12	12	0	0.053571429	0.053571429	0
5	3	2	2	46	96	1.442	1.673	2.468	2.893	3.413	36	128	164	156	200	36	28	-8	0.18	0.14	-0.04
5	3	2	2	96	139	1.677	1.794	2.708	2.979	3.521	20	112	132	128	172	20	16	-4	0.11627907	0.093023256	-0.023255814
5	3	2	2	139	186	1.618	1.957	2.696	2.778	3.386	48	136	148	152	188	12	16	4	0.063829787	0.085106383	0.021276596
5	3	3	3	49	117	1.888	2.061	3.165	3.784	4.42	32	200	240	236	272	40	36	-4	0.147058824	0.132352941	-0.014705882
5	3	4	4	16	60	2.084	2.1	3.102	3.055	3.659	8	140	136	144	176	-4	4	8	-0.022727273	0.022727273	0.045454545
5	3	10	2	46	83	1.8	1.945	2.642	2.642	3.229	28	108	108	120	148	0	12	12	0	0.081081081	0.081081081
5	3	10	10	83	137	1.572	1.912	2.719	3.011	3.303	64	160	184	180	216	24	20	-4	0.111111111	0.092592593	-0.018518519
5	3	11	3	50	100	2.016	2.307	3.05	3.126	3.809	36	144	152	160	200	8	16	8	0.04	0.08	0.04
5	3	14	10	83	135	1.657	1.795	2.725	2.665	3.56	28	160	156	184	208	-4	24	28	-0.019230769	0.115384615	0.134615385
5	3	15	2	97	144	1.774	1.673	2.443	2.724	2.975	-12	108	148	156	188	40	48	8	0.212765957	0.255319149	0.042553191
5	3	19	2	139	180	1.902	2.088	2.827	3.201	3.514	24	112	136	136	164	24	24	0	0.146341463	0.146341463	0
5	3	21	15	144	189	1.498	1.673	2.49	2.944	3.368	36	128	156	148	180	28	20	-8	0.155555556	0.111111111	-0.044444444
5	4	2	2	26	75	1.636	2.012	2.72	2.962	3.372	60	136	160	152	196	24	16	-8	0.12244898	0.081632653	-0.040816327
5	4	2	2	75	138	1.665	2.114	2.777	3.121	3.745	76	156	204	216	252	48	60	12	0.19047619	0.238095238	0.047619048
5	4	7	2	26	65	1.79	1.931	2.393	2.688	3.217	20	92	120	124	156	28	32	4	0.179487179	0.205128205	0.025641026
5	4	11	2	75	123	1.707	2.077	2.882	3.32	4.001	44	124	152	156	192	28	32	4	0.145833333	0.166666667	0.020833333
5	4	14	14	152	196	1.647	1.827	2.238	2.72	3.274	32	88	140	132	176	52	44	-8	0.295454545	0.25	-0.045454545
5	4	15	14	118	163	2.085	2.838	3.167	3.575	4.324	76	112	140	140	180	28	28	0	0.155555556	0.155555556	0
6	2	1	1	154	204	1.576	2.011	2.414	2.491	3.011	84	144	152	164	200	8	20	12	0.04	0.1	0.06
6	2	1	1	204	306	1.377	1.828	2.102	3.071	3.792	100	164	348	364	408	184	200	16	0.450980392	0.490196078	0.039215686
6	2	2	2	103	160	1.735	2.028	2.674	2.947	3.279	60	160	192	184	228	32	24	-8	0.140350877	0.105263158	-0.035087719
6	2	2	2	160	211	1.602	1.866	2.348	2.844	3.26	48	112	168	176	204	56	64	8	0.274509804	0.31372549	0.039215686
6	2	14	2	103	181	1.628	1.985	2.768	3.123	3.999	88	232	268	284	312	36	52	16	0.115384615	0.166666667	0.051282051
6	2	16	1	152	209	1.708	2.164	2.631	2.697	3.213	76	160	168	176	228	8	16	8	0.035087719	0.070175439	0.035087719
6	2	16	16	210	267	1.687	1.901	2.523	2.755	3.213	64	156	176	180	228	20	24	4	0.087719298	0.105263158	0.01754386
6	2	18	2	160	205	1.677	2.099	2.738	3.239	3.582	60	132	160	156	180	28	24	-4	0.155555556	0.133333333	-0.022222222
6	2	20	1	204	255	1.633	1.761	2.804	2.878	3.209	24	164	172	164	204	8	0	-8	0.039215686	0	-0.039215686
6	2	20	20	255	313	1.513	1.918	2.405	2.718	2.998	72	148	188	188	232	40	40	0	0.172413793	0.172413793	0
6	2	22	16	210	265	1.568	2.084	2.862	2.862	3.338	80	180	180	176	220	0	-4	-4	0	-0.018181818	-0.018181818
6	4	1	1	68	132	1.609	1.705	2.34	3.057	3.506	32	140	216	228	256	76	88	12	0.296875	0.34375	0.046875
6	4	1	1	182	238	1.53	1.698	2.587	3.146	3.331	36	140	196	188	224	56	48	-8	0.25	0.214285714	-0.035714286
6	4	2	2	51	157	1.504	2.206	2.834	3.512	3.804	132	324	388	384	424	64	60	-4	0.150943396	0.141509434	-0.009433962
6	4	13	2	51	108	1.6	1.972	2.606	2.921	3.341	76	176	196	192	228	20	16	-4	0.087719298	0.070175439	-0.01754386
6	4	15	1	68	115	1.838	2.18	2.783	3.01	3.479	44	124	148	152	188	24	28	4	0.127659574	0.14893617	0.021276596
6	4	15	15	115	160	1.834	1.895	2.602	2.962	3.168	36	124	160	144	180	36	20	-16	0.2	0.111111111	-0.088888889
6	4	17	15	115	173	1.645	1.972	2.697	3.223	3.642	52	152	200	180	232	48	28	-20	0.206896552	0.120689655	-0.086206897
6	4	18	18	176	238	1.456	1.888	2.555	2.841	3.154	92	176	208	212	248	32	36	4	0.129032258	0.14516129	0.016129032
6	4	22	18	175	239	1.402	2.204	3.196	3.188	3.843	132	212	216	228	256	4	16	12	0.015625	0.0625	0.046875
6	4	23	1	182	231	1.814	2.057	2.402	2.672	2.945	44	120	168	156	196	48	36	-12	0.244897959	0.183673469	-0.06122449
6	4	24	23	231	302	1.404	2.099	2.735	2.917	3.201	144	236	256	248	284	20	12	-8	0.070422535	0.042253521	-0.028169014
6	4	25	1	238	297	2.018	2.315	2.723	3.095	3.698	60	168	192	192	236	24	24	0	0.101694915	0.101694915	0
7	1	1	1	41	84	2.427	2.634	3.325	3.528	4.112	32	120	136	144	172	16	24	8	0.093023256	0.139534884	0.046511628
7	1	1	1	84	114	2.456	2.541	3.237	3.473	3.893	12	76	92	92	120	16	16	0	0.133333333	0.133333333	0
7	1	1	1	114	150	2.323	2.47	3.606	3.644	4.039	12	116	120	108	144	4	-8	-12	0.027777778	-0.055555556	-0.083333333
7	1	1	1	150	194	2.45	2.812	3.763	3.684	4.679	48	128	124	144	176	-4	16	20	-0.022727273	0.090909091	0.113636364
7	1	2	2	28	75	1.815	2.103	2.992	2.887	3.378	44	152	136	156	188	-16	4	20	-0.085106383	0.021276596	0.106382979
