Pos	Channel	Cell	MothCell	BirthFr	DivFr	Lb	Lri	Lrt	Lc	Ld	Tri	Trt	Tn	Tc	Td	Tn-Trt	Tc-Trt	Tc-Tn	(Tn-Trt)/Td	(Tc-Trt)/ Td	(Tc-Tn)/ Td
1	2	2	2	21	93	1.677	1.984	2.805	2.848	3.621	104	228	232	248	288	4	20	16	0.013888889	0.069444444	0.055555556
1	2	2	2	93	141	1.948	2.038	2.757	2.908	3.701	28	120	136	144	192	16	24	8	0.083333333	0.125	0.041666667
1	2	2	2	141	173	1.876	1.664	2.237	2.051	2.729	-24	64	72	88	128	8	24	16	0.0625	0.1875	0.125
1	2	2	2	173	212	1.365	1.383	1.872	2.103	2.771	20	88	112	112	156	24	24	0	0.153846154	0.153846154	0
1	2	3	3	13	79	1.397	1.505	2.44	2.805	3.528	48	192	224	216	264	32	24	-8	0.121212121	0.090909091	-0.03030303
1	2	3	3	79	112	1.789	1.52	2.067	2.423	3.268	-24	36	68	80	132	32	44	12	0.242424242	0.333333333	0.090909091
1	2	5	2	20	93	1.545	2.162	3.006	3.195	3.957	120	208	228	208	292	20	0	-20	0.068493151	0	-0.068493151
1	2	5	5	93	175	1.913	2.168	2.602	2.72	3.377	108	212	236	240	328	24	28	4	0.073170732	0.085365854	0.012195122
1	2	8	5	93	143	2.044	2.05	2.405	2.781	3.479	4	84	136	144	200	52	60	8	0.26	0.3	0.04
1	2	9	2	94	150	1.696	1.76	2.515	2.515	3.331	20	136	136	160	224	0	24	24	0	0.107142857	0.107142857
1	2	9	9	150	205	1.717	1.836	2.428	3.473	4.355	32	112	180	172	220	68	60	-8	0.309090909	0.272727273	-0.036363636
1	2	12	2	141	168	1.825	1.761	2.469	2.681	3.196	-4	56	72	72	108	16	16	0	0.148148148	0.148148148	0
1	2	12	12	168	208	1.618	1.775	2.54	2.564	3.198	36	116	120	124	160	4	8	4	0.025	0.05	0.025
1	2	12	12	209	250	1.777	1.885	2.754	2.92	3.498	20	116	128	120	164	12	4	-8	0.073170732	0.024390244	-0.048780488
1	2	14	12	168	204	1.578	1.615	2.159	2.508	3.31	16	72	100	108	144	28	36	8	0.194444444	0.25	0.055555556
1	2	16	2	173	214	1.365	1.382	2.111	2.451	3.278	12	84	112	120	164	28	36	8	0.170731707	0.219512195	0.048780488
1	2	16	16	213	264	1.56	1.59	2.467	2.677	3.423	4	132	160	172	204	28	40	12	0.137254902	0.196078431	0.058823529
1	2	20	16	213	258	1.657	1.961	2.719	2.882	3.505	36	116	128	136	180	12	20	8	0.066666667	0.111111111	0.044444444
1	2	21	2	211	257	1.348	1.48	2.359	2.491	2.924	20	120	136	136	184	16	16	0	0.086956522	0.086956522	0
1	3	1	1	57	134	1.826	2.011	2.687	2.71	3.318	112	232	224	248	308	-8	16	24	-0.025974026	0.051948052	0.077922078
1	3	1	1	131	180	1.701	1.773	2.221	2.318	2.897	16	120	128	160	196	8	40	32	0.040816327	0.204081633	0.163265306
1	3	1	1	182	239	1.488	1.169	1.864	1.92	2.683	-72	128	136	176	228	8	48	40	0.035087719	0.210526316	0.175438596
1	3	2	2	44	93	1.537	1.592	2.081	2.304	3.017	12	108	132	148	196	24	40	16	0.12244898	0.204081633	0.081632653
1	3	2	2	93	154	1.529	1.771	2.566	2.732	3.557	60	160	176	200	244	16	40	24	0.06557377	0.163934426	0.098360656
1	3	2	2	154	190	1.798	1.648	2.155	2.667	3.443	-32	60	104	100	144	44	40	-4	0.305555556	0.277777778	-0.027777778
1	3	9	2	42	100	1.509	1.737	2.546	2.64	3.576	44	148	160	160	232	12	12	0	0.051724138	0.051724138	0
1	3	12	12	181	213	1.849	1.692	2.562	2.833	3.587	-16	72	88	88	128	16	16	0	0.125	0.125	0
1	3	13	9	96	140	1.735	1.738	2.325	2.678	3.641	4	104	132	128	176	28	24	-4	0.159090909	0.136363636	-0.022727273
1	3	14	2	93	169	1.488	1.858	2.821	3.225	3.805	56	204	252	276	304	48	72	24	0.157894737	0.236842105	0.078947368
1	3	15	1	131	194	1.535	1.548	2.16	2.211	3.22	4	124	128	196	252	4	72	68	0.015873016	0.285714286	0.26984127
1	3	15	15	194	237	1.553	1.443	1.925	2.067	2.785	-40	76	96	116	172	20	40	20	0.11627907	0.23255814	0.11627907
1	3	19	12	182	216	2.138	1.871	2.638	3.109	4.028	-24	48	92	88	136	44	40	-4	0.323529412	0.294117647	-0.029411765
1	3	21	15	194	251	1.667	1.571	2.183	2.451	4.126	-24	104	132	188	228	28	84	56	0.122807018	0.368421053	0.245614035
1	3	21	21	251	276	1.934	1.413	2.011	2.676	3.642	-56	8	44	68	100	36	60	24	0.36	0.6	0.24
1	3	22	1	178	244	1.432	1.532	2.434	2.596	3.696	24	144	160	200	264	16	56	40	0.060606061	0.212121212	0.151515152
1	3	26	15	237	283	1.392	1.425	2.07	2.325	3.008	20	112	120	140	184	8	28	20	0.043478261	0.152173913	0.108695652
1	5	2	2	31	77	2.022	2.054	2.62	2.663	4.074	16	108	116	128	184	8	20	12	0.043478261	0.108695652	0.065217391
1	5	2	2	78	115	2.387	2.387	2.207	2.134	2.736	0	96	100	108	148	4	12	8	0.027027027	0.081081081	0.054054054
1	5	2	2	115	158	1.368	1.427	1.957	2.052	2.885	12	92	104	128	172	12	36	24	0.069767442	0.209302326	0.139534884
1	5	2	2	158	210	1.443	1.522	2.248	2.437	3.055	12	140	156	156	208	16	16	0	0.076923077	0.076923077	0
1	5	3	3	20	61	1.878	1.912	2.406	2.84	3.41	12	88	116	124	164	28	36	8	0.170731707	0.219512195	0.048780488
1	5	3	3	61	105	1.738	1.839	2.768	2.768	3.544	16	120	120	136	176	0	16	16	0	0.090909091	0.090909091
1	5	4	4	19	50	2.358	1.776	2.382	2.647	3.847	-36	20	64	84	124	44	64	20	0.35483871	0.516129032	0.161290323
1	5	7	3	19	56	1.74	1.813	2.812	2.812	3.607	20	100	100	112	148	0	12	12	0	0.081081081	0.081081081
1	5	7	7	56	88	1.743	1.914	2.8	2.984	3.797	16	76	84	92	128	8	16	8	0.0625	0.125	0.0625
1	5	8	2	29	87	1.509	1.629	2.184	2.392	3.115	24	132	160	184	232	28	52	24	0.120689655	0.224137931	0.103448276
1	5	8	8	88	149	1.633	1.646	2.695	2.705	4.143	8	152	156	208	244	4	56	52	0.016393443	0.229508197	0.213114754
1	5	12	2	78	118	1.604	1.646	2.129	2.362	3.293	8	76	104	128	160	28	52	24	0.175	0.325	0.15
1	5	12	12	118	168	1.683	1.58	2.515	2.702	3.618	-12	100	120	140	200	20	40	20	0.1	0.2	0.1
1	5	14	8	87	136	1.507	1.623	2.23	2.633	3.676	16	100	140	156	196	40	56	16	0.204081633	0.285714286	0.081632653
1	5	16	12	118	148	1.611	1.591	2.285	2.414	2.891	-4	76	84	88	120	8	12	4	0.066666667	0.1	0.033333333
1	5	17	2	115	155	1.368	1.722	2.394	2.509	3.291	48	108	112	124	160	4	16	12	0.025	0.1	0.075
1	5	17	17	155	189	1.687	1.751	2.568	2.574	3.236	8	100	96	104	136	-4	4	8	-0.029411765	0.029411765	0.058823529
1	5	23	2	157	191	1.441	1.734	2.265	2.422	3.021	24	84	96	108	136	12	24	12	0.088235294	0.176470588	0.088235294
1	5	23	23	191	229	1.601	1.789	2.78	2.744	3.623	28	112	120	120	152	8	8	0	0.052631579	0.052631579	0
1	5	24	17	189	227	1.727	1.974	2.921	2.863	3.836	36	128	124	136	152	-4	8	12	-0.026315789	0.052631579	0.078947368
1	5	25	23	191	227	1.42	1.389	2.304	2.447	3.173	12	92	100	108	144	8	16	8	0.055555556	0.111111111	0.055555556
2	2	2	2	12	47	1.858	1.931	2.678	2.753	3.311	16	84	96	104	140	12	20	8	0.085714286	0.142857143	0.057142857
2	2	2	2	49	85	1.931	1.978	2.15	2.507	2.81	12	96	100	100	144	4	4	0	0.027777778	0.027777778	0
2	2	2	2	86	128	1.432	1.557	2.221	2.254	2.903	36	108	112	128	168	4	20	16	0.023809524	0.119047619	0.095238095
2	2	5	2	12	49	1.552	1.612	2.36	2.517	3.041	8	88	104	108	148	16	20	4	0.108108108	0.135135135	0.027027027
2	2	5	5	48	92	1.398	1.435	2.455	2.566	3.737	4	88	96	136	176	8	48	40	0.045454545	0.272727273	0.227272727
2	2	8	2	47	84	1.656	1.447	2.16	2.22	3.168	12	100	104	108	148	4	8	4	0.027027027	0.054054054	0.027027027
2	2	9	9	90	166	1.4	1.788	2.641	2.966	3.748	60	176	232	244	304	56	68	12	0.184210526	0.223684211	0.039473684
2	2	10	10	94	175	1.723	1.861	2.841	2.942	3.727	40	224	240	268	324	16	44	28	0.049382716	0.135802469	0.086419753
2	2	10	10	175	214	2.128	1.657	2.499	2.862	3.813	-36	52	96	108	156	44	56	12	0.282051282	0.358974359	0.076923077
2	2	10	10	212	253	1.753	1.55	2.108	2.714	3.021	-20	56	108	108	164	52	52	0	0.317073171	0.317073171	0
2	2	14	10	94	141	1.671	1.742	2.645	2.567	3.421	12	140	132	144	188	-8	4	12	-0.042553191	0.021276596	0.063829787
2	2	14	14	141	188	1.592	1.726	2.416	2.732	3.072	32	128	148	140	188	20	12	-8	0.106382979	0.063829787	-0.042553191
2	2	14	14	188	240	1.432	1.766	2.389	2.611	3.347	64	144	160	164	208	16	20	4	0.076923077	0.096153846	0.019230769
2	2	14	14	240	268	1.753	1.753	2.431	2.623	3.343	0	60	72	84	112	12	24	12	0.107142857	0.214285714	0.107142857
2	2	15	9	90	150	1.4	1.641	2.402	2.798	3.311	44	140	188	184	240	48	44	-4	0.2	0.183333333	-0.016666667
2	2	17	14	140	196	1.851	1.887	2.641	2.817	3.538	36	128	152	172	224	24	44	20	0.107142857	0.196428571	0.089285714
2	2	17	17	196	230	1.731	1.941	2.87	2.816	3.461	24	100	96	92	136	-4	-8	-4	-0.029411765	-0.058823529	-0.029411765
2	2	21	14	188	244	1.64	1.841	2.673	2.861	3.604	32	144	164	156	224	20	12	-8	0.089285714	0.053571429	-0.035714286
2	2	23	10	211	241	1.835	1.612	2.394	2.483	3.101	-20	64	72	84	120	8	20	12	0.066666667	0.166666667	0.1
2	2	23	23	241	279	1.547	1.548	2.475	2.574	3.006	4	104	108	108	152	4	4	0	0.026315789	0.026315789	0
2	2	26	23	241	289	1.553	1.81	2.327	2.27	3.01	40	116	112	140	192	-4	24	28	-0.020833333	0.125	0.145833333
2	4	2	2	39	95	1.924	2.202	2.934	3.011	3.741	60	172	180	180	224	8	8	0	0.035714286	0.035714286	0
2	4	2	2	95	127	1.961	1.961	2.699	2.736	3.474	0	80	84	92	128	4	12	8	0.03125	0.09375	0.0625
2	4	2	2	127	189	1.891	2.042	2.946	2.866	3.369	32	176	164	188	248	-12	12	24	-0.048387097	0.048387097	0.096774194
2	4	6	2	38	97	1.545	1.794	2.652	2.875	3.635	48	160	172	184	236	12	24	12	0.050847458	0.101694915	0.050847458
2	4	6	6	97	137	1.767	1.767	2.447	2.623	3.707	0	80	96	120	160	16	40	24	0.1	0.25	0.15
2	4	8	2	94	123	1.749	1.801	2.476	2.458	3.168	8	72	68	76	116	-4	4	8	-0.034482759	0.034482759	0.068965517
2	4	8	8	125	175	1.686	1.858	2.321	2.546	3.094	32	108	140	132	200	32	24	-8	0.16	0.12	-0.04
2	4	8	8	175	221	1.526	1.63	2.21	2.611	2.834	36	128	148	164	184	20	36	16	0.108695652	0.195652174	0.086956522
2	4	9	2	127	169	1.583	1.748	2.426	2.665	3.15	20	108	124	120	168	16	12	-4	0.095238095	0.071428571	-0.023809524
2	4	9	9	169	221	1.637	1.726	2.407	2.433	2.927	32	136	140	168	208	4	32	28	0.019230769	0.153846154	0.134615385
2	4	9	9	221	272	1.482	1.936	2.489	2.628	3.097	72	148	156	152	204	8	4	-4	0.039215686	0.019607843	-0.019607843
2	4	10	8	123	174	1.46	1.686	2.368	2.586	3.504	40	132	148	156	204	16	24	8	0.078431373	0.117647059	0.039215686
2	4	12	9	169	225	1.513	1.836	2.702	2.714	3.657	84	164	168	180	224	4	16	12	0.017857143	0.071428571	0.053571429
2	4	12	12	225	256	1.727	1.655	3.056	3.056	3.542	-12	76	76	100	124	0	24	24	0	0.193548387	0.193548387
2	4	15	2	189	282	1.478	1.539	2.332	2.42	3.83	12	188	216	284	372	28	96	68	0.075268817	0.258064516	0.182795699
3	2	4	1	29	64	1.966	1.966	2.787	2.744	3.674	0	80	76	112	140	-4	32	36	-0.028571429	0.228571429	0.257142857
3	2	4	4	64	156	2.033	1.923	3.219	3.739	4.715	-16	196	252	324	368	56	128	72	0.152173913	0.347826087	0.195652174
3	2	4	4	192	222	2.231	1.698	2.753	3.104	4.193	-56	44	56	92	120	12	48	36	0.1	0.4	0.3
3	2	4	4	222	245	2.07	1.738	2.961	3.059	3.6	-32	40	60	60	92	20	20	0	0.217391304	0.217391304	0
3	2	4	4	245	281	1.928	1.928	2.842	2.829	3.584	0	96	92	108	144	-4	12	16	-0.027777778	0.083333333	0.111111111
3	2	5	4	64	101	1.641	1.542	2.495	2.543	3.052	-12	88	92	112	148	4	24	20	0.027027027	0.162162162	0.135135135
3	2	5	5	101	135	1.401	1.442	2.614	2.58	2.888	4	92	88	100	136	-4	8	12	-0.029411765	0.058823529	0.088235294
3	2	11	4	246	286	1.852	1.852	2.774	2.808	3.633	0	104	108	120	160	4	16	12	0.025	0.1	0.075
3	3	2	2	41	74	2.219	2.074	2.716	2.624	3.449	-20	60	52	88	132	-8	28	36	-0.060606061	0.212121212	0.272727273
3	3	2	2	74	120	1.89	2.019	2.645	2.78	3.675	24	112	124	144	184	12	32	20	0.065217391	0.173913043	0.108695652
3	3	2	2	120	147	2.048	1.552	2.312	2.97	3.946	-32	28	80	76	108	52	48	-4	0.481481481	0.444444444	-0.037037037
3	3	2	2	147	200	2.415	2.035	2.27	2.336	2.738	56	156	164	164	212	8	8	0	0.037735849	0.037735849	0
3	3	2	2	202	280	1.385	1.483	2.436	2.349	3.22	28	224	216	232	312	-8	8	16	-0.025641026	0.025641026	0.051282051
3	3	3	3	49	90	1.692	1.431	2.191	2.55	3.241	-28	72	84	96	164	12	24	12	0.073170732	0.146341463	0.073170732
3	3	6	2	41	81	1.683	1.671	1.995	2.35	3.196	-40	52	88	96	160	36	44	8	0.225	0.275	0.05
3	3	6	6	80	116	1.574	1.706	2.542	2.542	3.065	16	100	100	108	144	0	8	8	0	0.055555556	0.055555556
3	3	8	2	74	117	1.559	1.64	2.168	2.449	3.093	16	92	116	132	172	24	40	16	0.139534884	0.23255814	0.093023256
3	3	8	8	117	160	1.626	1.971	2.562	2.68	3.909	40	108	116	132	172	8	24	16	0.046511628	0.139534884	0.093023256
3	3	8	8	160	182	1.885	1.538	2.216	2.663	3.576	-28	32	48	52	88	16	20	4	0.181818182	0.227272727	0.045454545
3	3	9	6	81	117	1.567	1.7	2.354	2.706	3.202	28	88	108	116	144	20	28	8	0.138888889	0.194444444	0.055555556
3	3	12	8	115	165	1.427	1.723	2.309	2.504	3.498	56	140	156	164	200	16	24	8	0.08	0.12	0.04
3	3	13	2	119	152	1.582	1.626	2.414	2.344	3.078	-20	76	68	104	132	-8	28	36	-0.060606061	0.212121212	0.272727273
3	3	15	2	148	191	1.551	1.716	2.523	2.394	3.514	40	112	104	132	172	-8	20	28	-0.046511628	0.11627907	0.162790698
3	3	15	15	190	223	1.639	1.537	2.531	2.531	3.139	-16	84	84	104	132	0	20	20	0	0.151515152	0.151515152
3	3	15	15	223	251	1.608	1.629	2.506	2.506	3.154	4	68	68	80	112	0	12	12	0	0.107142857	0.107142857
3	3	21	15	190	221	1.78	1.627	2.71	2.71	3.278	-12	84	84	84	124	0	0	0	0	0	0
3	3	21	21	221	255	1.563	1.512	2.659	2.757	3.211	-8	88	96	112	136	8	24	16	0.058823529	0.176470588	0.117647059
3	3	23	2	200	244	1.369	1.566	2.319	2.402	3.141	36	124	128	144	176	4	20	16	0.022727273	0.113636364	0.090909091
3	3	23	23	244	277	1.579	1.658	2.32	2.282	2.985	16	84	80	104	132	-4	20	24	-0.03030303	0.151515152	0.181818182
3	3	25	15	223	250	1.531	1.479	2.249	2.391	3.14	-8	60	68	88	108	8	28	20	0.074074074	0.259259259	0.185185185
3	3	26	23	244	276	1.562	1.55	2.353	2.619	3.094	8	68	96	100	128	28	32	4	0.21875	0.25	0.03125
3	4	2	2	9	72	1.997	2.268	3.4	3.579	4.339	44	176	196	208	252	20	32	12	0.079365079	0.126984127	0.047619048
3	4	2	2	72	100	2.211	1.937	2.726	2.831	3.563	-28	60	68	72	112	8	12	4	0.071428571	0.107142857	0.035714286
3	4	2	2	100	139	1.918	1.611	2.41	2.558	3.326	-16	68	88	108	156	20	40	20	0.128205128	0.256410256	0.128205128
3	4	2	2	139	182	1.846	1.945	2.698	2.796	2.906	12	104	128	136	172	24	32	8	0.139534884	0.186046512	0.046511628
3	4	2	2	182	227	1.497	1.44	1.747	1.765	2.578	28	112	116	136	180	4	24	20	0.022222222	0.133333333	0.111111111
3	4	8	2	9	55	1.561	1.824	2.542	2.752	3.541	48	124	136	144	184	12	20	8	0.065217391	0.108695652	0.043478261
3	4	8	8	55	87	1.715	1.715	2.391	2.718	3.464	0	56	80	88	128	24	32	8	0.1875	0.25	0.0625
3	4	8	8	87	122	1.613	1.565	2.548	2.476	3.522	-4	92	88	104	140	-4	12	16	-0.028571429	0.085714286	0.114285714
3	4	12	8	55	85	1.825	1.746	2.757	3.098	4.052	-8	68	84	80	120	16	12	-4	0.133333333	0.1	-0.033333333
3	4	13	2	73	100	2.165	1.891	2.594	2.92	3.773	-40	36	60	72	108	24	36	12	0.222222222	0.333333333	0.111111111
3	4	13	13	99	128	1.878	1.8	2.723	2.783	3.605	-8	72	76	92	116	4	20	16	0.034482759	0.172413793	0.137931034
3	4	13	13	128	162	1.68	1.639	2.171	2.351	3.026	-4	76	88	112	136	12	36	24	0.088235294	0.264705882	0.176470588
3	4	16	13	98	131	1.772	1.772	2.381	2.454	3.212	0	68	76	96	132	8	28	20	0.060606061	0.212121212	0.151515152
3	4	17	2	100	133	1.645	1.549	2.311	2.519	3.182	-8	68	84	96	132	16	28	12	0.121212121	0.212121212	0.090909091
3	4	17	17	134	178	1.613	1.731	2.53	2.578	3.561	20	112	116	136	176	4	24	20	0.022727273	0.136363636	0.113636364
3	4	17	17	177	208	1.769	1.5	2.185	2.503	3.294	-24	48	80	92	124	32	44	12	0.258064516	0.35483871	0.096774194
3	4	19	13	127	155	1.984	1.984	2.666	2.573	3.385	0	68	64	84	112	-4	16	20	-0.035714286	0.142857143	0.178571429
3	4	21	17	134	174	1.626	1.766	2.697	2.729	3.692	24	112	116	128	160	4	16	12	0.025	0.1	0.075
3	4	21	21	174	199	1.932	1.533	2.605	2.878	3.807	-24	48	64	68	100	16	20	4	0.16	0.2	0.04
3	4	22	2	142	179	1.592	1.552	2.121	2.121	3.003	-4	80	80	112	148	0	32	32	0	0.216216216	0.216216216
3	4	22	22	179	227	1.502	1.761	2.342	2.55	3.505	64	128	140	156	192	12	28	16	0.0625	0.145833333	0.083333333
3	4	22	22	227	254	1.717	1.48	2.147	2.375	3.23	-24	44	60	84	108	16	40	24	0.148148148	0.37037037	0.222222222
3	4	26	17	178	206	1.745	1.5	2.257	2.305	3.503	-28	52	56	84	112	4	32	28	0.035714286	0.285714286	0.25
3	4	27	2	185	243	1.487	1.528	2.404	2.587	3.545	8	128	152	184	232	24	56	32	0.103448276	0.24137931	0.137931034
3	4	27	27	243	280	1.781	1.538	2.323	2.566	3.704	-36	64	88	112	148	24	48	24	0.162162162	0.324324324	0.162162162
3	4	28	22	178	232	1.466	1.589	2.185	2.458	3.499	8	92	120	168	216	28	76	48	0.12962963	0.351851852	0.222222222
3	4	33	22	227	253	1.788	1.403	2.22	2.645	3.537	-32	40	56	76	104	16	36	20	0.153846154	0.346153846	0.192307692
3	4	34	27	243	278	1.764	1.465	2.285	2.43	3.561	-44	60	80	108	140	20	48	28	0.142857143	0.342857143	0.2
5	2	1	1	29	69	1.744	1.811	2.259	2.259	3.024	16	96	96	124	160	0	28	28	0	0.175	0.175
5	2	1	1	69	117	1.505	1.749	2.317	2.376	2.908	72	132	144	160	192	12	28	16	0.0625	0.145833333	0.083333333
5	2	1	1	117	177	1.454	1.559	2.119	2.316	2.745	60	164	188	200	240	24	36	12	0.1	0.15	0.05
5	2	1	1	179	222	1.391	1.408	2.003	2.003	2.816	4	112	112	132	172	0	20	20	0	0.11627907	0.11627907
5	2	1	1	222	251	1.408	1.408	1.795	1.987	2.554	0	52	68	76	116	16	24	8	0.137931034	0.206896552	0.068965517
5	2	2	2	20	53	1.712	1.631	2.331	2.532	3.062	-20	64	88	96	132	24	32	8	0.181818182	0.242424242	0.060606061
5	2	2	2	54	95	1.605	1.679	2.471	2.379	3.004	4	112	104	124	164	-8	12	20	-0.048780488	0.073170732	0.12195122
5	2	3	3	4	56	1.557	1.582	2.55	2.643	2.987	16	144	156	152	208	12	8	-4	0.057692308	0.038461538	-0.019230769
5	2	8	3	4	49	1.474	1.569	2.371	2.708	3.547	20	116	136	144	180	20	28	8	0.111111111	0.155555556	0.044444444
5	2	9	2	20	56	1.618	1.496	2.048	2.67	3.154	-12	56	116	104	144	60	48	-12	0.416666667	0.333333333	-0.083333333
5	2	9	9	56	96	1.537	1.612	2.361	2.776	3.327	4	80	120	112	160	40	32	-8	0.25	0.2	-0.05
5	2	10	1	28	82	1.52	1.516	2.193	2.371	2.965	16	120	148	176	216	28	56	28	0.12962963	0.259259259	0.12962963
5	2	10	10	81	134	1.491	1.543	2.46	2.46	3.38	28	152	152	168	212	0	16	16	0	0.075471698	0.075471698
5	2	10	10	134	165	1.658	1.558	2.185	2.673	3.481	-8	52	84	100	124	32	48	16	0.258064516	0.387096774	0.129032258
5	2	17	1	69	122	1.52	1.774	2.415	2.476	3.294	68	144	152	152	212	8	8	0	0.037735849	0.037735849	0
5	2	17	17	122	157	1.839	1.957	2.618	2.766	3.485	20	80	92	104	140	12	24	12	0.085714286	0.171428571	0.085714286
5	2	17	17	157	193	1.763	1.703	2.388	2.497	3.169	4	80	92	96	144	12	16	4	0.083333333	0.111111111	0.027777778
5	2	21	17	121	175	1.486	1.485	2.395	3.527	4.209	20	128	192	188	216	64	60	-4	0.296296296	0.277777778	-0.018518519
5	2	22	1	117	158	1.454	1.92	2.664	2.756	3.424	36	112	120	128	164	8	16	8	0.048780488	0.097560976	0.048780488
5	2	22	22	158	233	1.685	2.014	2.722	2.896	3.807	60	204	232	240	300	28	36	8	0.093333333	0.12	0.026666667
5	2	22	22	233	262	1.843	1.567	2.414	2.628	3.815	-48	60	76	84	116	16	24	8	0.137931034	0.206896552	0.068965517
5	2	24	17	157	195	1.721	1.721	2.363	2.473	3.272	0	88	96	104	152	8	16	8	0.052631579	0.105263158	0.052631579
5	2	25	22	158	222	1.738	2.141	2.999	3.416	4.548	76	184	208	212	256	24	28	4	0.09375	0.109375	0.015625
5	2	25	25	222	241	2.231	1.708	2.365	2.957	3.708	-48	8	48	56	76	40	48	8	0.526315789	0.631578947	0.105263158
5	2	28	1	179	227	1.391	1.804	2.638	2.593	3.389	48	144	140	152	192	-4	8	12	-0.020833333	0.041666667	0.0625
5	2	28	28	227	268	1.65	1.493	2.057	2.783	3.571	-16	40	116	120	164	76	80	4	0.463414634	0.487804878	0.024390244
5	2	28	28	268	294	1.849	1.452	2.176	2.209	2.994	-40	44	48	52	104	4	8	4	0.038461538	0.076923077	0.038461538
5	2	33	28	227	256	1.739	1.551	2.357	2.605	3.085	-24	60	80	80	116	20	20	0	0.172413793	0.172413793	0
5	2	34	1	223	257	1.451	1.475	2.123	2.322	2.94	4	68	92	100	136	24	32	8	0.176470588	0.235294118	0.058823529
5	2	34	34	258	289	1.559	1.618	2.308	2.449	2.977	12	80	88	96	124	8	16	8	0.064516129	0.129032258	0.064516129
5	2	38	34	258	294	1.443	1.519	2.264	2.328	2.82	12	96	100	120	144	4	24	20	0.027777778	0.166666667	0.138888889
5	4	2	2	122	145	1.618	1.411	1.918	2.306	3.209	-32	24	56	60	92	32	36	4	0.347826087	0.391304348	0.043478261
5	4	2	2	145	177	1.51	1.415	2.003	2.25	2.848	-4	60	80	96	128	20	36	16	0.15625	0.28125	0.125
5	4	2	2	177	215	1.424	1.458	2.2	2.365	2.818	8	76	116	120	152	40	44	4	0.263157895	0.289473684	0.026315789
5	4	3	3	36	96	1.521	1.714	2.808	2.808	3.585	32	184	184	204	240	0	20	20	0	0.083333333	0.083333333
5	4	3	3	96	121	1.809	1.483	2.032	2.383	3.083	-44	20	56	64	100	36	44	8	0.36	0.44	0.08
5	4	4	4	25	69	1.564	2.023	2.715	3.234	3.949	64	116	140	128	176	24	12	-12	0.136363636	0.068181818	-0.068181818
5	4	4	4	69	95	1.957	1.822	2.763	3.073	3.833	-28	60	72	64	104	12	4	-8	0.115384615	0.038461538	-0.076923077
5	4	12	3	36	93	1.639	1.865	2.649	2.781	3.607	40	148	168	168	228	20	20	0	0.087719298	0.087719298	0
5	4	14	14	124	153	1.525	1.374	2.218	2.317	2.821	-16	60	72	80	116	12	20	8	0.103448276	0.172413793	0.068965517
5	4	18	14	100	121	1.995	1.02	2.182	2.447	3.162	-68	20	40	56	84	20	36	16	0.238095238	0.428571429	0.19047619
5	4	19	2	122	146	1.851	1.429	2.343	2.513	3.334	-40	32	44	64	96	12	32	20	0.125	0.333333333	0.208333333
5	4	22	14	125	156	1.825	1.708	2.374	2.374	3.452	-12	60	60	88	124	0	28	28	0	0.225806452	0.225806452
5	4	23	19	146	168	1.65	1.567	2.218	2.218	2.556	-8	64	64	76	88	0	12	12	0	0.136363636	0.136363636
5	4	24	2	144	198	1.566	1.938	3.021	3.088	4.01	32	144	152	176	216	8	32	24	0.037037037	0.148148148	0.111111111
5	4	24	24	198	231	1.81	1.563	2.232	2.584	3.244	-32	56	84	84	132	28	28	0	0.212121212	0.212121212	0
5	4	24	24	231	264	1.786	1.394	2.405	2.584	3.271	-28	80	96	116	132	16	36	20	0.121212121	0.272727273	0.151515152
5	4	30	2	177	213	1.424	1.575	2.539	2.549	3.106	12	92	100	104	144	8	12	4	0.055555556	0.083333333	0.027777778
5	4	30	30	213	266	1.589	1.765	2.661	2.869	3.601	32	140	160	160	212	20	20	0	0.094339623	0.094339623	0
5	4	31	24	198	225	2.2	1.515	2.807	2.754	3.507	-40	52	60	76	108	8	24	16	0.074074074	0.222222222	0.148148148
5	4	32	30	213	257	1.517	1.693	2.389	2.442	3.205	28	116	120	124	176	4	8	4	0.022727273	0.045454545	0.022727273
5	4	34	2	215	260	1.464	1.675	2.393	2.625	3.234	32	116	140	140	180	24	24	0	0.133333333	0.133333333	0
6	3	2	2	53	76	2.218	1.729	2.52	2.835	3.449	-24	32	56	72	92	24	40	16	0.260869565	0.434782609	0.173913043
6	3	2	2	77	113	1.96	2.011	2.55	2.821	3.542	8	68	96	116	144	28	48	20	0.194444444	0.333333333	0.138888889
6	3	2	2	113	147	1.914	2.08	2.686	2.808	3.422	24	80	92	104	136	12	24	12	0.088235294	0.176470588	0.088235294
6	3	2	2	149	189	1.943	2.123	3.118	3.118	4.09	36	112	112	140	160	0	28	28	0	0.175	0.175
6	3	2	2	190	236	2.045	2.302	3.084	3.272	4.093	36	116	128	156	184	12	40	28	0.065217391	0.217391304	0.152173913
6	3	2	2	236	266	2.308	2.337	2.896	2.957	3.462	8	68	72	96	120	4	28	24	0.033333333	0.233333333	0.2
6	3	3	3	32	64	1.641	1.598	2.429	2.408	3.572	-8	76	72	100	128	-4	24	28	-0.03125	0.1875	0.21875
6	3	8	2	2	53	1.499	1.815	2.576	2.606	3.314	60	144	148	164	204	4	20	16	0.019607843	0.098039216	0.078431373
6	3	8	8	53	104	1.549	1.634	2.242	2.546	3.093	8	104	152	160	204	48	56	8	0.235294118	0.274509804	0.039215686
6	3	12	8	53	90	1.765	1.848	2.42	2.42	3.254	16	96	96	116	148	0	20	20	0	0.135135135	0.135135135
6	3	13	2	53	81	1.77	1.699	2.2	2.899	3.484	-28	28	84	76	112	56	48	-8	0.5	0.428571429	-0.071428571
6	3	13	13	81	109	1.789	1.372	2.218	2.428	3.257	-36	48	64	76	112	16	28	12	0.142857143	0.25	0.107142857
6	3	15	2	76	120	1.5	1.901	2.514	2.69	3.301	52	116	132	136	176	16	20	4	0.090909091	0.113636364	0.022727273
6	3	15	15	120	151	1.629	1.667	2.268	2.517	3.393	4	60	80	100	124	20	40	20	0.161290323	0.322580645	0.161290323
6	3	16	13	81	109	1.695	1.334	2.44	2.599	3.104	-40	64	72	76	112	8	12	4	0.071428571	0.107142857	0.035714286
6	3	21	2	113	145	1.628	1.811	2.587	2.707	3.278	12	84	92	100	128	8	16	8	0.0625	0.125	0.0625
6	3	21	21	145	179	1.741	1.949	2.43	2.875	3.713	24	68	96	116	136	28	48	20	0.205882353	0.352941176	0.147058824
6	3	22	15	120	149	1.672	1.891	2.367	2.725	3.313	16	60	84	96	116	24	36	12	0.206896552	0.310344828	0.103448276
6	3	28	2	190	237	2.123	2.331	3.085	3.229	4.199	40	120	128	156	188	8	36	28	0.042553191	0.191489362	0.14893617
6	3	28	28	237	274	1.922	1.815	2.944	3.257	4.611	-32	92	108	116	148	16	24	8	0.108108108	0.162162162	0.054054054
6	3	28	28	274	294	2.096	1.191	2.316	2.751	3.756	-92	12	36	48	80	24	36	12	0.3	0.45	0.15
6	3	29	2	236	272	1.785	1.675	2.508	2.807	3.534	-12	76	104	108	144	28	32	4	0.194444444	0.222222222	0.027777778
6	4	1	1	31	76	2.136	1.598	2.723	2.849	3.07	-44	108	140	140	180	32	32	0	0.177777778	0.177777778	0
6	4	1	1	85	137	1.702	2.017	2.769	3.178	3.999	52	136	144	156	208	8	20	12	0.038461538	0.096153846	0.057692308
6	4	1	1	137	196	2.379	2.446	3.013	3.072	3.611	52	148	172	180	236	24	32	8	0.101694915	0.13559322	0.033898305
6	4	1	1	194	257	1.893	2.028	2.658	2.833	3.597	56	180	200	216	252	20	36	16	0.079365079	0.142857143	0.063492063
6	4	1	1	256	282	1.783	1.645	2.291	2.447	2.885	-12	56	64	80	104	8	24	16	0.076923077	0.230769231	0.153846154
6	4	3	3	33	71	1.544	1.581	2.235	2.596	3.127	8	84	112	120	152	28	36	8	0.184210526	0.236842105	0.052631579
6	4	9	1	28	72	1.45	1.627	2.252	2.381	2.836	32	116	128	124	176	12	8	-4	0.068181818	0.045454545	-0.022727273
6	4	9	9	73	111	1.426	1.563	1.752	2.192	2.858	36	84	104	124	152	20	40	20	0.131578947	0.263157895	0.131578947
6	4	9	9	110	162	1.399	1.48	2.404	2.806	3.43	12	120	160	164	208	40	44	4	0.192307692	0.211538462	0.019230769
6	4	10	2	34	108	1.583	1.759	2.549	2.8	3.965	24	156	204	236	296	48	80	32	0.162162162	0.27027027	0.108108108
6	4	11	3	34	70	1.593	1.927	2.64	2.646	3.489	40	96	104	108	144	8	12	4	0.055555556	0.083333333	0.027777778
6	4	14	9	72	112	1.418	1.435	2.31	2.31	3.086	12	108	108	124	160	0	16	16	0	0.1	0.1
6	4	14	14	112	143	1.539	1.521	2.247	2.381	3.13	-4	68	80	96	124	12	28	16	0.096774194	0.225806452	0.129032258
6	4	15	1	76	137	1.535	1.733	2.47	2.577	3.347	96	184	192	200	244	8	16	8	0.032786885	0.06557377	0.032786885
6	4	15	15	136	188	1.638	1.635	2.491	2.699	3.539	28	116	148	152	208	32	36	4	0.153846154	0.173076923	0.019230769
6	4	15	15	186	227	1.697	1.399	2.561	2.745	3.538	-44	96	120	116	164	24	20	-4	0.146341463	0.12195122	-0.024390244
6	4	18	9	110	153	1.399	1.703	2.205	2.697	3.384	48	100	128	136	172	28	36	8	0.162790698	0.209302326	0.046511628
6	4	19	15	134	176	1.562	1.816	2.32	2.601	3.179	36	100	120	136	168	20	36	16	0.119047619	0.214285714	0.095238095
6	4	19	19	175	209	1.548	1.639	2.398	2.631	3.451	16	96	108	128	136	12	32	20	0.088235294	0.235294118	0.147058824
6	4	20	1	133	187	1.501	1.993	2.487	2.848	3.352	72	148	176	184	216	28	36	8	0.12962963	0.166666667	0.037037037
6	4	20	20	187	231	1.511	1.58	2.098	2.387	2.988	16	96	124	140	176	28	44	16	0.159090909	0.25	0.090909091
6	4	20	20	231	277	1.469	1.513	2.31	2.418	3.255	4	108	124	144	184	16	36	20	0.086956522	0.195652174	0.108695652
6	4	25	15	185	220	1.644	1.399	1.911	2.386	3.435	-40	40	76	116	140	36	76	40	0.257142857	0.542857143	0.285714286
6	4	26	20	186	258	1.83	1.803	3.123	3.428	4.265	12	180	216	244	288	36	64	28	0.125	0.222222222	0.097222222
6	4	27	1	194	245	1.692	1.758	2.594	2.708	3.689	24	120	140	152	204	20	32	12	0.098039216	0.156862745	0.058823529
6	4	27	27	244	285	1.819	1.661	2.55	2.598	3.282	-20	92	96	100	164	4	8	4	0.024390244	0.048780488	0.024390244
6	4	31	20	227	270	1.385	1.493	2.201	2.124	2.783	12	120	112	120	172	-8	0	8	-0.046511628	0	0.046511628
6	4	32	27	244	290	1.834	1.661	2.335	2.625	3.214	-20	92	124	152	184	32	60	28	0.173913043	0.326086957	0.152173913
6	4	33	1	256	286	1.761	1.601	2.243	2.488	3.167	-16	56	80	88	120	24	32	8	0.2	0.266666667	0.066666667
7	1	1	1	15	59	2.109	2.168	2.772	3.097	4.136	24	112	136	152	176	24	40	16	0.136363636	0.227272727	0.090909091
7	1	1	1	59	106	2.277	2.482	3.392	3.551	4.257	36	124	144	156	188	20	32	12	0.106382979	0.170212766	0.063829787
7	1	1	1	106	131	2.363	1.88	2.837	2.928	3.706	-28	44	56	72	100	12	28	16	0.12	0.28	0.16
7	1	1	1	131	164	2.055	2.188	2.559	2.97	3.434	24	76	100	108	132	24	32	8	0.181818182	0.242424242	0.060606061
7	1	1	1	164	208	1.609	1.84	2.513	2.653	3.566	28	104	124	128	176	20	24	4	0.113636364	0.136363636	0.022727273
7	1	1	1	208	245	1.445	1.658	2.482	2.482	2.847	44	116	116	120	148	0	4	4	0	0.027027027	0.027027027
7	1	2	2	17	47	1.693	1.693	2.737	2.795	3.371	0	84	88	88	120	4	4	0	0.033333333	0.033333333	0
7	1	2	2	47	82	1.662	1.662	2.787	2.794	4.214	0	96	100	108	140	4	12	8	0.028571429	0.085714286	0.057142857
7	1	9	1	15	55	1.583	1.822	2.578	2.845	3.375	48	120	132	132	160	12	12	0	0.075	0.075	0
7	1	9	9	55	105	1.71	1.927	2.955	3.208	3.663	44	140	160	156	200	20	16	-4	0.1	0.08	-0.02
7	1	10	2	17	52	1.803	1.749	2.52	2.619	3.389	-4	84	92	96	140	8	12	4	0.057142857	0.085714286	0.028571429
7	1	13	9	55	92	1.665	1.977	2.751	3.263	4.831	40	104	112	120	148	8	16	8	0.054054054	0.108108108	0.054054054
7	1	14	1	59	101	1.859	1.91	2.735	2.851	3.269	12	112	120	132	168	8	20	12	0.047619048	0.119047619	0.071428571
7	1	20	1	106	136	1.895	1.88	2.446	2.936	3.358	-28	48	88	88	120	40	40	0	0.333333333	0.333333333	0
7	1	20	20	136	177	1.726	1.784	2.741	2.913	3.537	12	104	116	136	164	12	32	20	0.073170732	0.195121951	0.12195122
7	1	21	1	129	173	1.588	1.932	2.629	2.695	3.396	44	124	128	144	176	4	20	16	0.022727273	0.113636364	0.090909091
7	1	21	21	173	219	1.759	1.938	2.746	2.824	3.433	24	124	132	148	184	8	24	16	0.043478261	0.130434783	0.086956522
7	1	22	20	136	176	1.632	1.795	2.681	2.795	3.456	24	108	124	132	160	16	24	8	0.1	0.15	0.05
7	1	23	1	164	198	1.825	1.912	2.576	2.926	3.618	12	72	92	108	136	20	36	16	0.147058824	0.264705882	0.117647059
7	1	23	23	198	237	1.83	1.857	2.71	2.843	3.319	20	108	116	124	156	8	16	8	0.051282051	0.102564103	0.051282051
7	1	24	21	173	220	1.637	2.035	2.847	2.911	3.913	56	144	148	152	188	4	8	4	0.021276596	0.042553191	0.021276596
7	1	27	23	198	245	1.789	2.016	2.703	3.195	3.883	24	100	148	152	188	48	52	4	0.255319149	0.276595745	0.021276596
7	1	28	1	208	234	2.121	1.729	2.981	3.051	3.757	-4	64	68	84	104	4	20	16	0.038461538	0.192307692	0.153846154
7	1	28	28	234	264	2.061	2.061	2.715	2.946	3.467	0	56	80	88	120	24	32	8	0.2	0.266666667	0.066666667
7	1	31	28	234	269	1.696	1.736	2.437	2.858	3.269	4	84	108	100	140	24	16	-8	0.171428571	0.114285714	-0.057142857
7	1	34	1	259	275	2.243	1.489	2.749	2.749	3.21	-36	36	36	40	64	0	4	4	0	0.0625	0.0625
7	2	1	1	151	197	1.696	1.71	2.28	2.486	3.045	16	108	120	152	184	12	44	32	0.065217391	0.239130435	0.173913043
7	2	1	1	197	258	1.666	1.944	2.515	2.645	3.083	84	168	184	208	244	16	40	24	0.06557377	0.163934426	0.098360656
7	2	2	2	19	81	1.96	2.381	3.1	3.32	4.167	52	184	204	212	248	20	28	8	0.080645161	0.112903226	0.032258065
7	2	2	2	109	148	1.629	1.631	2.468	2.707	3.302	4	96	116	124	156	20	28	8	0.128205128	0.179487179	0.051282051
7	2	2	2	148	181	1.549	1.57	2.329	2.413	2.938	-4	80	92	96	132	12	16	4	0.090909091	0.121212121	0.03030303
7	2	2	2	181	225	1.437	1.531	2.434	2.864	3.536	24	112	140	144	176	28	32	4	0.159090909	0.181818182	0.022727273
7	2	2	2	225	248	1.748	1.643	2.439	2.56	3.303	-12	60	64	76	92	4	16	12	0.043478261	0.173913043	0.130434783
7	2	5	2	17	82	1.664	1.951	3.283	3.409	4.17	36	188	208	200	260	20	12	-8	0.076923077	0.046153846	-0.030769231
7	2	5	5	82	114	1.955	1.74	2.436	2.895	4.106	-24	52	68	96	128	16	44	28	0.125	0.34375	0.21875
7	2	14	2	81	113	1.943	1.652	2.281	2.703	3.703	-20	52	76	96	128	24	44	20	0.1875	0.34375	0.15625
7	2	14	14	113	136	1.728	1.505	2.121	2.261	2.891	-32	40	48	68	92	8	28	20	0.086956522	0.304347826	0.217391304
7	2	15	15	113	187	1.597	1.657	2.739	3.005	4.037	24	172	204	232	296	32	60	28	0.108108108	0.202702703	0.094594595
7	2	16	14	114	138	2.008	1.559	2.501	2.523	3.144	-32	36	48	64	96	12	28	16	0.125	0.291666667	0.166666667
7	2	17	15	114	155	1.575	1.74	2.601	2.739	3.421	24	116	120	132	164	4	16	12	0.024390244	0.097560976	0.073170732
7	2	21	2	148	175	1.752	1.752	2.525	2.525	3.156	0	68	68	80	108	0	12	12	0	0.111111111	0.111111111
7	2	22	1	150	194	1.662	1.722	2.444	2.637	3.572	12	112	124	140	176	12	28	16	0.068181818	0.159090909	0.090909091
7	2	22	22	194	243	1.847	1.973	2.865	3.005	3.796	16	124	136	136	196	12	12	0	0.06122449	0.06122449	0
7	2	26	2	181	219	1.501	1.642	2.612	2.706	3.342	20	108	112	124	152	4	16	12	0.026315789	0.105263158	0.078947368
7	2	27	22	193	240	1.716	1.716	2.736	2.736	3.796	0	116	116	120	188	0	4	4	0	0.021276596	0.021276596
7	2	27	27	240	273	1.684	1.607	2.326	2.768	3.604	-12	60	80	88	132	20	28	8	0.151515152	0.212121212	0.060606061
7	2	28	1	197	268	1.379	1.758	2.315	2.54	3.226	96	184	216	236	284	32	52	20	0.112676056	0.183098592	0.070422535
7	2	36	1	256	293	1.517	1.454	2.104	2.36	3.249	-4	56	80	104	148	24	48	24	0.162162162	0.324324324	0.162162162
7	4	3	3	4	65	1.478	1.854	2.415	2.65	3.288	96	168	192	204	244	24	36	12	0.098360656	0.147540984	0.049180328
7	4	3	3	64	101	1.681	1.877	2.51	2.51	2.813	32	116	116	132	148	0	16	16	0	0.108108108	0.108108108
7	4	4	4	13	42	1.942	1.85	2.679	2.871	3.515	-16	64	76	72	116	12	8	-4	0.103448276	0.068965517	-0.034482759
7	4	7	3	4	54	1.559	1.666	2.458	2.609	3.09	48	144	164	168	200	20	24	4	0.1	0.12	0.02
7	4	14	14	110	137	1.812	1.709	2.594	3.161	3.347	-8	64	92	80	108	28	16	-12	0.259259259	0.148148148	-0.111111111
7	4	17	3	111	138	1.807	1.669	2.596	2.57	4.435	-24	56	68	84	108	12	28	16	0.111111111	0.259259259	0.148148148
7	5	2	2	28	70	2.225	2.234	3.135	3.483	4.087	-4	88	120	136	168	32	48	16	0.19047619	0.285714286	0.095238095
7	5	2	2	70	113	2.248	2.224	3.826	3.688	4.077	-4	112	120	120	172	8	8	0	0.046511628	0.046511628	0
7	5	2	2	113	138	2.002	1.838	2.306	2.365	2.887	-48	60	64	68	100	4	8	4	0.04	0.08	0.04
7	5	2	2	140	173	1.463	1.421	2.248	2.441	3.152	-4	80	84	92	132	4	12	8	0.03030303	0.090909091	0.060606061
7	5	2	2	173	208	1.535	1.585	2.204	2.269	2.848	12	92	100	116	140	8	24	16	0.057142857	0.171428571	0.114285714
7	5	2	2	208	247	1.424	1.559	2.034	2.034	2.625	32	108	108	124	156	0	16	16	0	0.102564103	0.102564103
7	5	3	3	34	63	2.004	1.756	2.412	2.923	3.352	-12	44	76	84	116	32	40	8	0.275862069	0.344827586	0.068965517
7	5	4	4	21	44	2.122	1.38	2.385	2.952	3.561	-72	20	60	52	92	40	32	-8	0.434782609	0.347826087	-0.086956522
7	5	9	2	30	61	1.772	1.654	2.368	2.57	3.418	-12	64	76	96	124	12	32	20	0.096774194	0.258064516	0.161290323
7	5	9	9	62	105	1.596	1.589	2.204	2.735	3.198	8	84	116	136	172	32	52	20	0.186046512	0.302325581	0.11627907
7	5	10	3	33	61	1.806	1.806	2.426	2.675	3.324	0	56	72	76	112	16	20	4	0.142857143	0.178571429	0.035714286
7	5	14	9	62	100	1.867	1.938	2.696	2.874	3.559	12	88	104	116	152	16	28	12	0.105263158	0.184210526	0.078947368
7	5	17	9	106	144	1.754	1.688	2.434	2.575	3.322	-4	100	112	108	152	12	8	-4	0.078947368	0.052631579	-0.026315789
7	5	18	2	113	133	2.074	1.844	2.16	2.543	3.318	-52	8	36	48	80	28	40	12	0.35	0.5	0.15
7	5	18	18	135	165	1.746	1.668	2.4	2.572	3.452	-8	56	72	88	120	16	32	16	0.133333333	0.266666667	0.133333333
7	5	18	18	165	194	1.739	1.602	2.314	2.587	3.185	-12	56	76	88	116	20	32	12	0.172413793	0.275862069	0.103448276
7	5	19	18	134	167	1.689	1.707	2.744	2.676	3.451	4	92	88	100	132	-4	8	12	-0.03030303	0.060606061	0.090909091
7	5	20	2	140	173	1.545	1.444	2.2	2.324	2.956	-8	72	84	104	132	12	32	20	0.090909091	0.242424242	0.151515152
7	5	20	20	173	234	1.501	1.761	2.963	2.78	3.704	44	184	172	192	244	-12	8	20	-0.049180328	0.032786885	0.081967213
7	5	23	18	165	199	1.713	1.59	2.442	2.573	3.334	-12	76	84	104	136	8	28	20	0.058823529	0.205882353	0.147058824
7	5	25	2	173	205	1.617	1.738	2.386	2.386	2.949	16	84	84	100	128	0	16	16	0	0.125	0.125
7	5	25	25	205	258	1.471	1.831	2.852	2.777	3.514	52	160	156	168	212	-4	8	12	-0.018867925	0.037735849	0.056603774
7	5	26	20	173	230	1.455	1.764	2.479	2.888	4.222	52	148	180	196	228	32	48	16	0.140350877	0.210526316	0.070175439
7	5	29	25	205	250	1.478	1.576	2.525	2.528	3.186	28	128	136	144	180	8	16	8	0.044444444	0.088888889	0.044444444
7	5	30	2	220	262	2.036	2.036	2.92	3.197	3.634	0	108	124	112	168	16	4	-12	0.095238095	0.023809524	-0.071428571
8	1	1	1	7	50	2.459	2.508	3.368	3.368	3.901	8	124	124	132	172	0	8	8	0	0.046511628	0.046511628
8	1	1	1	50	108	2.287	2.275	2.903	2.88	3.618	20	160	156	180	232	-4	20	24	-0.017241379	0.086206897	0.103448276
8	1	1	1	108	142	2.084	2.109	2.838	2.838	3.525	4	80	80	96	136	0	16	16	0	0.117647059	0.117647059
8	1	1	1	142	171	1.925	1.541	2.158	2.594	3.3	-40	28	72	80	116	44	52	8	0.379310345	0.448275862	0.068965517
8	1	1	1	171	221	1.795	1.939	3.205	3.118	3.737	36	148	144	164	200	-4	16	20	-0.02	0.08	0.1
8	1	1	1	221	290	2.034	2.148	2.358	2.529	3.124	84	200	228	248	276	28	48	20	0.101449275	0.173913043	0.072463768
8	1	2	2	11	64	1.785	2.083	2.787	3.021	3.516	48	140	168	156	212	28	16	-12	0.132075472	0.075471698	-0.056603774
8	1	9	1	7	44	1.699	1.829	2.497	2.613	3.308	12	96	104	108	148	8	12	4	0.054054054	0.081081081	0.027027027
8	1	9	9	44	91	1.736	1.925	2.917	2.953	3.56	24	132	136	132	188	4	0	-4	0.021276596	0	-0.021276596
8	1	9	9	91	136	1.833	2.072	2.787	2.923	3.552	44	124	136	132	180	12	8	-4	0.066666667	0.044444444	-0.022222222
8	1	10	2	11	51	1.607	1.745	2.482	2.751	3.08	28	116	136	124	160	20	8	-12	0.125	0.05	-0.075
8	1	13	9	44	90	1.572	1.858	2.62	2.695	3.376	44	132	136	140	184	4	8	4	0.02173913	0.043478261	0.02173913
8	1	14	1	52	131	1.67	1.699	2.812	2.812	3.689	4	188	188	204	316	0	16	16	0	0.050632911	0.050632911
8	1	14	14	131	181	1.807	1.68	2.147	2.538	3.387	-32	68	128	160	200	60	92	32	0.3	0.46	0.16
8	1	17	9	91	139	1.727	1.992	2.588	2.588	3.346	72	148	148	168	192	0	20	20	0	0.104166667	0.104166667
8	1	19	1	106	156	1.507	1.697	2.515	2.494	3.019	44	140	136	160	200	-4	20	24	-0.02	0.1	0.12
8	1	19	19	156	209	1.459	1.635	2.381	2.465	3.308	40	116	132	148	212	16	32	16	0.075471698	0.150943396	0.075471698
8	1	22	1	142	168	1.6	1.541	1.904	2.011	2.841	-40	40	48	60	104	8	20	12	0.076923077	0.192307692	0.115384615
8	1	22	22	167	207	1.398	1.573	2.387	2.5	3.066	28	104	116	116	160	12	12	0	0.075	0.075	0
8	1	22	22	205	247	1.426	1.499	2.206	2.249	2.839	16	108	112	136	168	4	28	24	0.023809524	0.166666667	0.142857143
8	1	24	19	158	199	1.619	1.805	2.474	2.662	2.898	44	104	136	148	164	32	44	12	0.195121951	0.268292683	0.073170732
8	1	25	1	171	212	1.506	1.661	2.296	2.702	3.261	24	92	124	128	164	32	36	4	0.195121951	0.219512195	0.024390244
8	1	25	25	212	247	1.641	1.57	2.521	2.584	2.94	-8	100	108	108	140	8	8	0	0.057142857	0.057142857	0
8	1	26	22	168	201	1.42	1.587	2.375	2.628	2.971	24	96	112	100	132	16	4	-12	0.121212121	0.03030303	-0.090909091
8	1	31	22	205	248	1.597	1.726	2.616	2.9	3.392	28	128	144	148	172	16	20	4	0.093023256	0.11627907	0.023255814
8	1	32	25	212	246	1.619	1.619	2.357	2.424	3.212	0	80	88	104	136	8	24	16	0.058823529	0.176470588	0.117647059
8	1	35	25	247	294	1.46	1.713	2.389	2.469	2.999	36	144	152	172	188	8	28	20	0.042553191	0.14893617	0.106382979
8	4	2	2	39	91	1.653	2.072	2.759	3.146	3.664	60	140	176	168	208	36	28	-8	0.173076923	0.134615385	-0.038461538
8	4	2	2	91	129	1.9	2.101	2.679	3.002	3.644	36	100	120	124	152	20	24	4	0.131578947	0.157894737	0.026315789
8	4	2	2	129	161	1.943	1.964	2.544	2.68	3.238	8	76	84	80	128	8	4	-4	0.0625	0.03125	-0.03125
8	4	2	2	161	225	1.691	1.998	2.645	3.72	4.671	52	148	216	228	256	68	80	12	0.265625	0.3125	0.046875
8	4	2	2	225	247	2.173	1.757	2.311	2.753	3.157	-48	12	48	60	88	36	48	12	0.409090909	0.545454545	0.136363636
8	4	2	2	247	281	1.685	1.714	2.228	2.357	3.043	4	76	92	100	136	16	24	8	0.117647059	0.176470588	0.058823529
8	4	3	3	44	76	1.66	1.636	2.375	2.74	3.325	-4	68	88	100	128	20	32	12	0.15625	0.25	0.09375
8	4	3	3	77	125	1.637	2.029	2.677	2.711	3.314	64	140	144	156	192	4	16	12	0.020833333	0.083333333	0.0625
8	4	4	4	10	49	1.64	1.58	2.474	2.882	3.456	-8	72	120	112	156	48	40	-8	0.307692308	0.256410256	-0.051282051
8	4	4	4	49	80	1.732	1.732	2.521	2.74	3.766	0	72	88	108	124	16	36	20	0.129032258	0.290322581	0.161290323
8	4	8	4	10	40	1.663	1.619	2.258	2.483	3.006	-8	64	76	80	120	12	16	4	0.1	0.133333333	0.033333333
8	4	9	2	40	95	1.653	1.828	2.802	2.873	3.179	52	168	180	184	220	12	16	4	0.054545455	0.072727273	0.018181818
8	4	9	9	95	175	1.639	1.996	2.852	2.888	3.673	72	216	220	272	320	4	56	52	0.0125	0.175	0.1625
8	4	11	3	44	82	1.798	1.869	2.597	2.921	3.579	20	88	112	124	152	24	36	12	0.157894737	0.236842105	0.078947368
8	4	13	3	76	113	1.721	1.939	3.133	3.133	3.606	24	120	120	120	148	0	0	0	0	0	0
8	4	16	2	91	148	1.763	1.937	2.737	2.851	3.569	36	144	164	172	228	20	28	8	0.087719298	0.122807018	0.035087719
8	4	16	16	148	196	1.9	1.8	2.267	2.751	3.716	-16	56	136	152	192	80	96	16	0.416666667	0.5	0.083333333
8	4	20	2	129	160	1.701	1.759	2.573	2.573	3.103	12	88	88	96	124	0	8	8	0	0.064516129	0.064516129
8	4	20	20	160	197	1.431	1.727	2.642	2.789	3.315	36	112	120	120	148	8	8	0	0.054054054	0.054054054	0
8	4	20	20	198	238	1.619	1.721	2.669	3.013	3.923	8	104	124	124	160	20	20	0	0.125	0.125	0
8	4	21	16	148	185	1.669	1.527	2.123	2.345	3.082	-32	60	88	108	148	28	48	20	0.189189189	0.324324324	0.135135135
8	4	22	2	161	208	1.548	1.869	2.603	2.655	3.431	60	136	140	148	188	4	12	8	0.021276596	0.063829787	0.042553191
8	4	22	22	209	240	1.736	1.603	2.317	2.558	3.067	-12	64	80	80	124	16	16	0	0.129032258	0.129032258	0
8	4	23	20	165	203	1.832	1.832	2.319	2.724	3.517	0	56	92	112	152	36	56	20	0.236842105	0.368421053	0.131578947
8	4	29	22	209	241	1.769	1.696	2.414	2.719	3.259	-8	68	88	84	128	20	16	-4	0.15625	0.125	-0.03125
8	4	30	2	224	240	2.464	1.715	2.845	2.935	3.626	-48	24	28	36	64	4	12	8	0.0625	0.1875	0.125
8	4	30	30	239	273	1.811	1.984	2.702	2.751	3.634	24	84	88	96	136	4	12	8	0.029411765	0.088235294	0.058823529
8	4	33	30	240	277	1.8	1.805	2.375	2.6	3.517	8	72	96	108	148	24	36	12	0.162162162	0.243243243	0.081081081
8	4	35	2	247	279	1.472	1.435	2.016	2.167	2.754	-4	72	84	84	128	12	12	0	0.09375	0.09375	0
9	4	2	2	8	49	2.187	2.336	3.366	3.333	4.155	20	120	116	128	164	-4	8	12	-0.024390244	0.048780488	0.073170732
9	4	2	2	49	80	2.15	1.867	2.783	3.289	4.107	-20	56	92	92	124	36	36	0	0.290322581	0.290322581	0
9	4	2	2	80	107	2.263	2.161	2.464	2.685	3.318	-12	68	76	76	108	8	8	0	0.074074074	0.074074074	0
9	4	2	2	107	136	1.752	1.676	2.536	2.642	3.278	-8	68	80	92	116	12	24	12	0.103448276	0.206896552	0.103448276
9	4	2	2	136	176	1.62	1.907	2.943	2.943	3.526	36	128	128	132	160	0	4	4	0	0.025	0.025
9	4	3	3	12	63	1.524	1.681	2.703	2.841	3.343	20	116	140	148	204	24	32	8	0.117647059	0.156862745	0.039215686
9	4	7	2	8	49	1.824	1.999	2.683	2.881	3.839	24	100	116	128	164	16	28	12	0.097560976	0.170731707	0.073170732
9	4	7	7	51	81	1.925	1.771	2.438	2.887	3.589	-20	44	80	96	120	36	52	16	0.3	0.433333333	0.133333333
9	4	8	3	12	49	1.624	1.747	2.452	2.592	3.25	12	88	96	120	148	8	32	24	0.054054054	0.216216216	0.162162162
9	4	10	7	50	76	1.964	1.916	2.602	2.859	3.544	-8	52	72	76	104	20	24	4	0.192307692	0.230769231	0.038461538
9	4	12	2	49	77	2.005	1.818	2.539	2.991	3.781	-16	40	72	76	112	32	36	4	0.285714286	0.321428571	0.035714286
9	4	12	12	77	102	1.905	1.614	2.392	2.483	3.388	-24	48	56	72	100	8	24	16	0.08	0.24	0.16
9	4	12	12	103	135	1.688	1.841	2.905	2.746	3.45	20	100	96	108	128	-4	8	12	-0.03125	0.0625	0.09375
9	4	14	12	77	105	1.876	1.697	2.614	2.722	3.712	-16	60	68	64	112	8	4	-4	0.071428571	0.035714286	-0.035714286
9	4	16	2	80	111	1.844	1.829	2.406	3.052	3.552	-4	52	96	88	124	44	36	-8	0.35483871	0.290322581	-0.064516129
9	4	16	16	113	143	1.973	2.019	2.78	2.865	3.55	8	76	80	84	120	4	8	4	0.033333333	0.066666667	0.033333333
9	4	16	16	144	171	1.805	1.897	2.728	2.864	3.342	8	72	80	76	108	8	4	-4	0.074074074	0.037037037	-0.037037037
9	4	18	12	103	130	1.766	1.861	2.966	2.966	3.48	8	84	84	88	108	0	4	4	0	0.037037037	0.037037037
9	4	20	2	107	138	1.566	1.474	2.294	2.32	2.942	-12	72	76	92	124	4	20	16	0.032258065	0.161290323	0.129032258
9	4	20	20	138	194	1.482	1.721	2.486	2.648	3.342	52	160	176	192	224	16	32	16	0.071428571	0.142857143	0.071428571
9	4	21	16	111	149	1.635	1.681	2.319	2.556	3.392	4	76	92	112	152	16	36	20	0.105263158	0.236842105	0.131578947
9	4	24	2	136	178	1.658	1.954	2.357	2.692	3.312	32	88	120	136	168	32	48	16	0.19047619	0.285714286	0.095238095
9	4	25	20	138	193	1.46	1.801	2.78	2.987	3.377	56	180	196	208	220	16	28	12	0.072727273	0.127272727	0.054545455
9	4	26	16	144	169	1.848	1.787	2.648	2.926	3.223	-4	72	84	76	100	12	4	-8	0.12	0.04	-0.08
10	2	2	2	113	137	2.257	3.403	2.367	3.139	3.475	92	8	40	52	96	32	44	12	0.333333333	0.458333333	0.125
10	2	2	2	137	172	1.774	1.73	2.375	2.448	3.16	-4	72	76	100	140	4	28	24	0.028571429	0.2	0.171428571
10	2	2	2	174	223	1.828	2.074	2.886	3.083	4.235	40	128	144	160	196	16	32	16	0.081632653	0.163265306	0.081632653
10	2	3	3	58	111	1.863	1.653	2.535	2.811	3.379	-32	120	164	192	212	44	72	28	0.20754717	0.339622642	0.132075472
10	2	10	2	77	112	2.057	1.658	2.264	3.269	5.466	-84	20	84	112	140	64	92	28	0.457142857	0.657142857	0.2
10	2	16	2	137	176	1.701	1.731	2.383	2.58	2.875	4	80	112	120	156	32	40	8	0.205128205	0.256410256	0.051282051
