Pos	Channel	Cell	MothCell	BirthFr	DivFr	Lb	Lri	Lrt	Lc	Ld	Tri	Trt	Tn	Tc	Td	Tn-Trt	Tc-Trt	Tc-Tn	(Tn-Trt)/Td	(Tc-Trt)/ Td	(Tc-Tn)/ Td
1	1	1	1	37	96	1.626	2.1	2.537	2.564	2.986	310	480	490	510	590	10	30	20	0.016949153	0.050847458	0.033898305
1	1	1	1	96	166	1.532	2.184	2.606	2.806	3.229	410	560	600	580	700	40	20	-20	0.057142857	0.028571429	-0.028571429
1	1	1	1	166	229	1.704	2.104	2.525	2.576	3.001	290	490	510	520	630	20	30	10	0.031746032	0.047619048	0.015873016
1	1	5	2	25	116	1.097	1.995	2.165	2.165	2.661	540	740	740	800	910	0	60	60	0	0.065934066	0.065934066
1	1	6	1	37	111	1.419	1.919	2.214	2.376	2.788	360	590	630	630	740	40	40	0	0.054054054	0.054054054	0
1	1	7	1	96	159	1.453	2.036	2.44	2.454	2.781	370	550	560	550	630	10	0	-10	0.015873016	0	-0.015873016
1	1	11	1	166	235	1.526	2.201	2.3	2.785	3.183	320	530	600	600	690	70	70	0	0.101449275	0.101449275	0
1	3	1	1	51	145	1.604	2.053	2.734	2.766	3.247	310	650	720	860	940	70	210	140	0.074468085	0.223404255	0.14893617
1	3	2	2	68	120	1.353	1.467	2.046	2.172	2.47	150	360	400	440	520	40	80	40	0.076923077	0.153846154	0.076923077
1	3	14	1	54	114	1.4	1.567	1.948	2.061	2.514	220	390	480	510	600	90	120	30	0.15	0.2	0.05
1	3	14	14	114	188	1.259	1.711	2.25	2.25	2.721	430	610	610	600	740	0	-10	-10	0	-0.013513514	-0.013513514
1	3	15	2	68	113	1.314	1.469	1.724	2.058	2.451	160	270	360	350	450	90	80	-10	0.2	0.177777778	-0.022222222
1	3	17	14	114	192	1.255	1.902	2.134	2.37	2.976	490	640	710	660	780	70	20	-50	0.08974359	0.025641026	-0.064102564
1	3	19	1	145	227	1.488	1.8	2.165	2.306	2.708	270	540	670	710	820	130	170	40	0.158536585	0.207317073	0.048780488
1	5	1	1	49	131	1.621	1.996	2.359	2.455	2.768	430	650	690	700	820	40	50	10	0.048780488	0.06097561	0.012195122
1	5	2	2	28	90	1.736	1.918	2.482	2.673	3.259	130	360	420	500	620	60	140	80	0.096774194	0.225806452	0.129032258
1	5	2	2	90	148	1.612	1.95	2.243	2.402	2.812	240	410	470	470	580	60	60	0	0.103448276	0.103448276	0
1	5	3	3	19	64	1.54	1.665	2.018	2.121	2.709	110	250	300	340	450	50	90	40	0.111111111	0.2	0.088888889
1	5	12	2	32	99	1.491	1.773	2.104	2.147	2.828	260	440	500	560	670	60	120	60	0.089552239	0.179104478	0.089552239
1	5	13	1	46	119	1.399	1.825	2.148	2.373	2.802	330	480	600	620	730	120	140	20	0.164383562	0.191780822	0.02739726
1	5	13	13	119	202	1.439	2.039	2.511	2.517	3.021	540	700	710	720	830	10	20	10	0.012048193	0.024096386	0.012048193
1	5	17	13	119	211	1.363	1.941	2.357	2.53	2.873	550	740	800	800	920	60	60	0	0.065217391	0.065217391	0
1	5	18	1	131	219	1.197	1.652	2.238	2.368	2.657	460	700	760	780	880	60	80	20	0.068181818	0.090909091	0.022727273
2	1	1	1	36	162	1.54	2.171	2.587	2.579	3.312	710	1050	1090	1140	1260	40	90	50	0.031746032	0.071428571	0.03968254
2	1	1	1	162	201	1.752	1.812	2.279	2.395	2.795	40	230	280	290	390	50	60	10	0.128205128	0.153846154	0.025641026
2	1	3	3	18	84	1.293	1.561	2.087	2.322	2.758	260	450	570	600	660	120	150	30	0.181818182	0.227272727	0.045454545
2	1	11	2	19	80	1.18	1.353	2.025	2.243	2.446	290	470	550	510	610	80	40	-40	0.131147541	0.06557377	-0.06557377
2	1	12	3	18	80	1.343	1.584	2.01	2.165	2.781	260	450	500	560	620	50	110	60	0.080645161	0.177419355	0.096774194
2	1	13	1	37	165	1.374	2.006	2.594	3.305	3.867	510	820	1150	1010	1280	330	190	-140	0.2578125	0.1484375	-0.109375
2	1	13	13	172	225	1.911	2.382	2.421	2.379	3.013	220	360	350	400	530	-10	40	50	-0.018867925	0.075471698	0.094339623
2	1	20	1	162	199	1.56	1.698	2.109	2.365	2.648	60	220	300	250	370	80	30	-50	0.216216216	0.081081081	-0.135135135
2	2	1	1	86	162	1.809	2.177	2.738	2.784	3.244	370	610	620	600	760	10	-10	-20	0.013157895	-0.013157895	-0.026315789
2	2	1	1	162	217	1.739	2.011	2.438	2.573	3.127	210	370	420	480	550	50	110	60	0.090909091	0.2	0.109090909
2	2	2	2	64	135	1.517	1.629	2.045	2.602	2.917	290	470	640	610	710	170	140	-30	0.23943662	0.197183099	-0.042253521
2	2	2	2	135	213	1.469	2.141	2.448	2.605	2.823	440	610	730	690	780	120	80	-40	0.153846154	0.102564103	-0.051282051
2	2	16	2	64	141	1.281	1.69	2.302	2.342	2.479	380	610	640	700	770	30	90	60	0.038961039	0.116883117	0.077922078
2	2	17	1	86	168	1.592	1.872	2.238	2.333	2.786	300	560	640	710	820	80	150	70	0.097560976	0.182926829	0.085365854
2	2	18	2	135	205	1.448	1.519	2.025	2.329	2.539	380	590	650	670	700	60	80	20	0.085714286	0.114285714	0.028571429
2	3	1	1	7	54	1.72	2.046	2.662	2.773	3.324	150	330	400	430	470	70	100	30	0.14893617	0.212765957	0.063829787
2	3	1	1	53	126	1.758	2.353	2.839	2.939	3.156	360	610	640	680	730	30	70	40	0.04109589	0.095890411	0.054794521
2	3	1	1	127	204	1.754	2.407	2.331	2.474	2.876	480	630	690	710	770	60	80	20	0.077922078	0.103896104	0.025974026
2	3	3	3	6	60	1.348	1.593	1.909	1.953	2.509	270	390	410	450	540	20	60	40	0.037037037	0.111111111	0.074074074
2	3	9	1	7	60	1.425	1.725	2.489	2.768	2.811	210	430	500	440	530	70	10	-60	0.132075472	0.018867925	-0.113207547
2	3	10	3	6	69	1.389	1.608	1.953	2.142	2.82	180	410	480	540	630	70	130	60	0.111111111	0.206349206	0.095238095
2	3	13	1	54	130	1.526	1.674	2.117	2.565	2.839	470	650	700	700	760	50	50	0	0.065789474	0.065789474	0
2	3	17	1	126	184	1.416	1.88	2.377	2.558	2.816	280	450	480	520	580	30	70	40	0.051724138	0.120689655	0.068965517
2	4	1	1	14	79	1.68	2.141	2.634	2.863	3.051	370	530	560	580	650	30	50	20	0.046153846	0.076923077	0.030769231
2	4	1	1	80	166	1.734	2.331	2.892	3.177	3.52	510	720	800	790	860	80	70	-10	0.093023256	0.081395349	-0.011627907
2	4	1	1	167	221	1.875	2.216	2.611	2.807	3.169	240	390	450	490	540	60	100	40	0.111111111	0.185185185	0.074074074
2	4	6	1	13	93	1.765	1.975	1.608	2.271	2.687	400	560	670	700	800	110	140	30	0.1375	0.175	0.0375
2	4	9	1	80	192	1.369	2.054	2.786	2.923	3.203	690	930	1000	990	1120	70	60	-10	0.0625	0.053571429	-0.008928571
2	5	6	1	51	110	1.633	1.759	2.131	2.406	2.651	260	460	530	510	590	70	50	-20	0.118644068	0.084745763	-0.033898305
3	1	2	2	86	132	1.368	1.465	1.667	2.127	2.515	110	200	370	340	460	170	140	-30	0.369565217	0.304347826	-0.065217391
3	1	2	2	132	194	1.282	1.488	2.075	2.075	2.638	280	490	490	520	620	0	30	30	0	0.048387097	0.048387097
3	1	3	3	35	99	1.518	1.815	2.104	2.104	2.656	280	440	440	550	640	0	110	110	0	0.171875	0.171875
3	1	3	3	100	170	1.456	1.74	2.091	2.27	2.634	420	560	610	620	700	50	60	10	0.071428571	0.085714286	0.014285714
3	1	4	4	25	92	1.326	1.803	2.081	2.081	2.637	350	530	530	600	670	0	70	70	0	0.104477612	0.104477612
3	1	10	3	33	114	1.474	1.933	2.308	2.225	2.871	530	660	680	730	810	20	70	50	0.024691358	0.086419753	0.061728395
3	1	11	2	85	124	1.471	1.575	1.86	2.031	2.508	70	210	280	320	390	70	110	40	0.179487179	0.282051282	0.102564103
3	1	11	11	124	192	1.349	1.611	2.167	2.227	2.687	290	520	550	600	680	30	80	50	0.044117647	0.117647059	0.073529412
3	1	16	2	132	206	1.233	1.71	2.05	2.301	2.818	290	530	620	660	740	90	130	40	0.121621622	0.175675676	0.054054054
3	1	17	1	174	223	1.67	1.687	2.329	2.356	2.849	10	340	350	360	490	10	20	10	0.020408163	0.040816327	0.020408163
3	2	1	1	7	72	1.742	2.039	2.313	2.421	3.031	330	480	530	570	650	50	90	40	0.076923077	0.138461538	0.061538462
3	2	1	1	73	119	1.641	1.904	2.229	2.316	2.851	160	280	310	370	460	30	90	60	0.065217391	0.195652174	0.130434783
3	2	1	1	120	203	1.58	1.894	2.341	2.689	2.961	370	580	750	740	830	170	160	-10	0.204819277	0.192771084	-0.012048193
3	2	2	2	13	76	1.184	2.036	2.796	2.818	3.505	360	530	550	570	630	20	40	20	0.031746032	0.063492063	0.031746032
3	2	6	1	7	79	1.523	1.892	1.924	2.151	2.714	410	520	580	630	720	60	110	50	0.083333333	0.152777778	0.069444444
3	2	6	6	80	151	1.237	1.758	2.109	2.3	2.816	330	490	550	600	710	60	110	50	0.084507042	0.154929577	0.070422535
3	2	14	1	72	122	1.407	1.566	2.077	2.017	2.745	140	300	340	410	500	40	110	70	0.08	0.22	0.14
3	2	18	14	122	184	1.409	1.76	2.027	2.038	2.963	240	440	500	530	620	60	90	30	0.096774194	0.14516129	0.048387097
3	3	1	1	16	61	1.469	1.546	1.854	2.198	2.524	50	240	360	360	450	120	120	0	0.266666667	0.266666667	0
3	3	1	1	61	194	1.366	1.992	2.192	2.353	3.208	980	1100	1150	1210	1330	50	110	60	0.037593985	0.082706767	0.045112782
3	3	1	1	193	238	1.565	1.64	1.985	2.038	2.576	70	280	300	390	450	20	110	90	0.044444444	0.244444444	0.2
3	3	3	3	22	72	1.175	1.445	1.596	1.908	2.194	220	380	400	440	500	20	60	40	0.04	0.12	0.08
3	3	12	1	16	68	1.363	1.454	1.899	2.034	2.614	60	260	330	440	520	70	180	110	0.134615385	0.346153846	0.211538462
3	3	13	2	19	89	1.413	1.483	1.841	2.301	2.797	40	260	560	620	700	300	360	60	0.428571429	0.514285714	0.085714286
3	3	13	13	90	129	1.49	1.572	1.893	1.924	2.557	90	230	240	330	390	10	100	90	0.025641026	0.256410256	0.230769231
3	3	15	3	22	74	1.295	1.605	2.125	2.213	2.731	200	370	400	430	520	30	60	30	0.057692308	0.115384615	0.057692308
3	3	18	1	64	142	1.182	1.344	1.85	2.08	2.542	250	500	620	660	780	120	160	40	0.153846154	0.205128205	0.051282051
3	3	18	18	142	213	1.342	1.678	2.073	2.187	2.612	370	550	570	590	710	20	40	20	0.028169014	0.056338028	0.028169014
3	3	19	12	68	118	1.31	1.474	1.786	1.915	2.476	170	320	360	400	500	40	80	40	0.08	0.16	0.08
3	3	19	19	118	209	1.188	1.684	2.15	2.267	3.248	520	700	760	810	910	60	110	50	0.065934066	0.120879121	0.054945055
3	3	22	13	90	135	1.258	1.34	2.142	2.36	2.537	140	350	380	390	450	30	40	10	0.066666667	0.088888889	0.022222222
3	3	26	18	142	221	1.2	1.439	2.1	2.309	2.481	360	670	740	700	790	70	30	-40	0.088607595	0.037974684	-0.050632911
3	3	28	1	193	230	1.601	1.689	1.933	2.317	2.603	50	170	300	300	370	130	130	0	0.351351351	0.351351351	0
3	4	1	1	62	128	1.494	2.02	2.475	2.475	3.018	370	530	530	580	660	0	50	50	0	0.075757576	0.075757576
3	4	1	1	128	191	1.664	2.388	2.88	2.866	3.378	370	500	520	560	630	20	60	40	0.031746032	0.095238095	0.063492063
3	4	13	2	35	87	1.429	1.63	2.232	2.242	2.77	250	380	390	440	520	10	60	50	0.019230769	0.115384615	0.096153846
3	4	15	1	62	121	1.378	2.066	1.956	2.558	2.645	290	420	540	520	590	120	100	-20	0.203389831	0.169491525	-0.033898305
3	4	19	1	128	187	1.354	1.67	2.165	2.516	2.586	310	480	530	520	590	50	40	-10	0.084745763	0.06779661	-0.016949153
3	5	2	2	132	193	1.474	1.621	1.992	2.166	2.663	130	290	410	480	610	120	190	70	0.196721311	0.31147541	0.114754098
3	5	3	3	76	127	1.387	1.614	2.106	2.286	2.506	150	370	420	420	510	50	50	0	0.098039216	0.098039216	0
3	5	3	3	127	175	1.291	1.489	1.884	1.989	2.442	170	370	390	390	480	20	20	0	0.041666667	0.041666667	0
3	5	10	4	14	79	1.339	1.466	1.937	2.069	2.506	170	410	500	570	650	90	160	70	0.138461538	0.246153846	0.107692308
3	5	13	3	77	123	1.51	1.523	1.783	2.044	2.625	50	220	340	380	460	120	160	40	0.260869565	0.347826087	0.086956522
3	5	17	3	127	193	1.215	1.496	2.063	2.14	2.574	280	470	520	550	660	50	80	30	0.075757576	0.121212121	0.045454545
3	5	18	2	131	204	1.563	1.973	2.28	2.323	2.717	340	510	550	620	730	40	110	70	0.054794521	0.150684932	0.095890411
4	1	1	1	28	153	1.775	2.025	2.63	2.987	3.485	270	760	1100	1140	1250	340	380	40	0.272	0.304	0.032
4	1	1	1	154	195	1.852	1.993	2.302	2.393	2.881	40	220	260	330	410	40	110	70	0.097560976	0.268292683	0.170731707
4	1	2	2	58	125	1.261	1.565	1.82	2.101	2.453	370	520	610	610	670	90	90	0	0.134328358	0.134328358	0
4	1	10	1	26	114	1.383	1.913	2.433	2.604	3.179	480	680	740	780	880	60	100	40	0.068181818	0.113636364	0.045454545
4	1	10	10	113	212	1.554	1.926	2.258	2.619	3.14	460	670	840	850	990	170	180	10	0.171717172	0.181818182	0.01010101
4	1	15	10	113	154	1.604	1.675	2.112	2.57	2.725	100	290	370	360	410	80	70	-10	0.195121951	0.170731707	-0.024390244
4	1	15	15	155	230	1.234	1.759	2.107	2.537	2.93	310	510	670	660	750	160	150	-10	0.213333333	0.2	-0.013333333
4	1	17	1	152	225	1.646	1.888	2.108	2.411	3.149	150	280	470	530	730	190	250	60	0.260273973	0.342465753	0.082191781
4	2	1	1	70	225	1.801	2.481	2.903	3.088	3.725	790	1110	1270	1310	1550	160	200	40	0.103225806	0.129032258	0.025806452
4	2	2	2	44	121	1.433	1.74	2.106	2.362	2.805	320	520	630	650	770	110	130	20	0.142857143	0.168831169	0.025974026
4	2	3	3	24	100	1.365	1.901	2.267	2.366	2.856	350	550	580	640	760	30	90	60	0.039473684	0.118421053	0.078947368
4	2	10	3	24	80	1.398	1.507	1.953	2.326	2.643	120	310	440	450	560	130	140	10	0.232142857	0.25	0.017857143
4	2	12	2	45	160	1.324	1.716	2.061	2.331	2.769	510	710	950	1030	1150	240	320	80	0.208695652	0.27826087	0.069565217
4	2	14	1	67	157	1.575	1.899	2.178	2.538	2.908	400	590	770	760	900	180	170	-10	0.2	0.188888889	-0.011111111
4	3	1	1	73	139	1.891	2.154	2.512	2.73	3.19	280	460	540	580	660	80	120	40	0.121212121	0.181818182	0.060606061
4	3	1	1	139	188	1.697	2.054	2.345	2.475	3.112	190	300	340	390	490	40	90	50	0.081632653	0.183673469	0.102040816
4	3	2	2	80	148	1.498	1.883	2.161	2.221	2.748	340	500	540	600	680	40	100	60	0.058823529	0.147058824	0.088235294
4	3	3	3	74	107	1.619	1.745	2.068	2.075	2.495	80	210	220	260	330	10	50	40	0.03030303	0.151515152	0.121212121
4	3	4	4	31	96	1.547	1.908	2.265	2.637	2.89	310	460	510	570	650	50	110	60	0.076923077	0.169230769	0.092307692
4	3	12	1	74	178	1.518	1.879	2.291	2.389	3.054	550	780	840	940	1040	60	160	100	0.057692308	0.153846154	0.096153846
4	3	13	3	74	124	1.469	1.408	2.219	2.314	2.749	130	330	420	430	500	90	100	10	0.18	0.2	0.02
4	3	18	1	139	200	1.493	1.748	2.234	2.324	2.769	150	390	450	510	610	60	120	60	0.098360656	0.196721311	0.098360656
4	5	1	1	16	75	1.495	1.708	2.097	2.305	2.779	210	390	460	510	590	70	120	50	0.118644068	0.203389831	0.084745763
4	5	1	1	75	169	1.541	1.966	2.673	2.85	3.203	370	680	770	820	940	90	140	50	0.095744681	0.14893617	0.053191489
4	5	1	1	168	229	1.843	2.1	2.679	3.075	3.372	140	380	530	540	610	150	160	10	0.245901639	0.262295082	0.016393443
4	5	10	1	16	88	1.396	1.672	2.238	2.335	2.853	250	550	580	610	720	30	60	30	0.041666667	0.083333333	0.041666667
4	5	10	10	88	144	1.476	1.838	2.007	2.05	2.481	320	420	460	500	560	40	80	40	0.071428571	0.142857143	0.071428571
4	5	13	3	52	122	1.585	1.925	2.318	2.468	3.021	250	520	550	630	700	30	110	80	0.042857143	0.157142857	0.114285714
4	5	14	1	75	141	1.238	1.63	2.247	2.34	2.663	360	500	520	560	660	20	60	40	0.03030303	0.090909091	0.060606061
4	5	15	10	88	164	1.377	1.749	2.371	2.347	2.735	390	600	650	700	760	50	100	50	0.065789474	0.131578947	0.065789474
5	1	1	1	13	65	1.672	1.949	2.391	2.391	2.749	220	390	390	460	520	0	70	70	0	0.134615385	0.134615385
5	1	1	1	65	145	1.667	2.211	2.613	2.774	3.166	390	630	680	750	800	50	120	70	0.0625	0.15	0.0875
5	1	1	1	145	223	1.625	2.437	2.869	2.992	3.342	480	680	710	710	780	30	30	0	0.038461538	0.038461538	0
5	1	6	1	12	61	1.231	1.614	1.907	2.405	2.7	210	350	430	420	490	80	70	-10	0.163265306	0.142857143	-0.020408163
5	1	8	7	19	49	1.932	1.964	2.393	2.491	2.993	20	180	190	250	300	10	70	60	0.033333333	0.233333333	0.2
5	1	12	1	65	158	1.083	1.849	2.528	2.608	3.099	460	720	750	790	930	30	70	40	0.032258065	0.075268817	0.043010753
5	2	1	1	78	133	1.797	1.968	2.291	2.385	2.934	180	360	400	450	550	40	90	50	0.072727273	0.163636364	0.090909091
5	2	2	2	75	209	1.336	1.813	2.194	2.332	2.85	700	1040	1170	1250	1340	130	210	80	0.097014925	0.156716418	0.059701493
5	2	3	3	34	102	1.294	1.815	1.844	1.97	2.231	350	530	590	610	680	60	80	20	0.088235294	0.117647059	0.029411765
5	2	3	3	106	188	1.222	1.72	2.399	2.452	2.768	510	700	720	750	820	20	50	30	0.024390244	0.06097561	0.036585366
5	2	4	4	21	91	1.187	1.506	1.971	1.993	2.481	320	530	560	630	700	30	100	70	0.042857143	0.142857143	0.1
5	2	10	4	23	86	1.288	1.478	1.619	1.692	2.388	270	400	410	580	630	10	180	170	0.015873016	0.285714286	0.26984127
5	2	11	3	34	124	1.352	1.769	2.314	2.196	2.601	380	700	720	780	900	20	80	60	0.022222222	0.088888889	0.066666667
5	2	13	2	75	152	1.058	1.553	1.791	1.983	2.53	360	540	610	640	770	70	100	30	0.090909091	0.12987013	0.038961039
5	2	14	1	78	170	1.311	1.589	2.103	2.46	2.93	300	560	760	800	920	200	240	40	0.217391304	0.260869565	0.043478261
5	2	19	1	133	232	1.263	1.593	1.986	2.157	2.518	520	790	870	890	990	80	100	20	0.080808081	0.101010101	0.02020202
5	2	21	14	172	238	1.574	1.8	2.004	2.114	2.543	330	520	560	570	660	40	50	10	0.060606061	0.075757576	0.015151515
5	3	2	2	32	123	1.436	1.723	2.218	2.46	3.197	270	640	750	800	910	110	160	50	0.120879121	0.175824176	0.054945055
5	3	2	2	123	157	1.55	1.597	1.995	2.269	2.655	70	210	270	220	340	60	10	-50	0.176470588	0.029411765	-0.147058824
5	3	3	3	49	148	1.5	1.863	2.368	2.682	3.405	310	690	860	890	990	170	200	30	0.171717172	0.202020202	0.03030303
5	3	10	2	31	81	1.263	1.443	1.999	1.999	2.441	180	390	390	410	500	0	20	20	0	0.04	0.04
5	3	10	10	82	136	1.28	1.445	1.839	1.987	2.51	200	380	400	470	540	20	90	70	0.037037037	0.166666667	0.12962963
5	3	16	10	82	167	1.188	1.849	2.051	2.238	2.938	480	650	700	750	850	50	100	50	0.058823529	0.117647059	0.058823529
5	3	17	2	123	156	1.647	1.688	2.082	2.292	2.655	60	210	250	250	330	40	40	0	0.121212121	0.121212121	0
5	3	20	17	157	208	1.439	1.651	1.845	2.023	2.356	170	320	350	400	510	30	80	50	0.058823529	0.156862745	0.098039216
5	3	21	2	157	219	1.281	1.595	2.036	2.515	2.981	180	370	540	520	620	170	150	-20	0.274193548	0.241935484	-0.032258065
5	5	1	1	34	148	1.635	2.359	3.106	3.159	3.978	410	780	860	1000	1140	80	220	140	0.070175439	0.192982456	0.122807018
5	5	14	1	34	93	1.383	1.881	2.38	2.549	2.963	290	450	490	530	590	40	80	40	0.06779661	0.13559322	0.06779661
5	5	14	14	94	169	1.463	1.882	2.096	2.096	2.496	380	600	600	650	750	0	50	50	0	0.066666667	0.066666667
5	5	14	14	169	237	1.383	1.574	1.999	2.019	2.006	380	540	610	610	680	70	70	0	0.102941176	0.102941176	0
6	1	1	1	136	234	1.798	1.969	2.291	2.612	2.969	180	460	790	840	980	330	380	50	0.336734694	0.387755102	0.051020408
6	1	2	2	48	97	1.425	1.54	1.946	2.12	2.493	100	320	380	380	490	60	60	0	0.12244898	0.12244898	0
6	1	2	2	98	222	1.273	1.763	2.172	2.555	2.909	530	840	1120	1040	1240	280	200	-80	0.225806452	0.161290323	-0.064516129
6	1	12	2	48	102	1.461	1.604	2.102	2.089	2.646	80	320	340	420	540	20	100	80	0.037037037	0.185185185	0.148148148
6	1	12	12	98	167	1.307	1.706	2.208	2.196	2.604	340	510	570	630	690	60	120	60	0.086956522	0.173913043	0.086956522
6	1	12	12	167	237	1.275	1.826	2.139	2.275	2.506	400	560	630	660	700	70	100	30	0.1	0.142857143	0.042857143
6	2	1	1	83	183	1.729	2.154	2.59	2.757	3.466	400	720	830	880	1000	110	160	50	0.11	0.16	0.05
6	2	2	2	49	116	1.502	1.977	2.275	2.275	2.915	240	450	450	560	670	0	110	110	0	0.164179104	0.164179104
6	2	13	2	49	94	1.392	1.527	2.019	2.188	2.47	160	340	390	380	450	50	40	-10	0.111111111	0.088888889	-0.022222222
6	3	1	1	63	109	1.557	1.711	2.071	2.156	2.714	150	300	330	390	460	30	90	60	0.065217391	0.195652174	0.130434783
6	3	1	1	107	191	1.383	1.965	2.249	2.361	2.725	510	680	710	790	840	30	110	80	0.035714286	0.130952381	0.095238095
6	3	2	2	52	118	1.335	1.538	1.918	2.322	2.579	240	430	560	560	660	130	130	0	0.196969697	0.196969697	0
6	3	12	2	51	119	1.261	1.632	2.306	2.374	2.753	240	470	530	510	680	60	40	-20	0.088235294	0.058823529	-0.029411765
6	3	14	1	62	100	1.423	1.537	1.807	2.121	2.435	120	250	300	300	380	50	50	0	0.131578947	0.131578947	0
6	4	2	2	52	116	1.196	1.503	1.799	2.167	2.483	310	490	550	560	640	60	70	10	0.09375	0.109375	0.015625
6	4	2	2	117	176	1.184	1.42	1.937	2.013	2.499	320	460	490	530	590	30	70	40	0.050847458	0.118644068	0.06779661
6	4	9	1	13	58	1.275	1.402	1.782	1.984	2.418	110	260	330	350	450	70	90	20	0.155555556	0.2	0.044444444
6	4	9	9	59	123	1.205	1.327	1.88	2.254	2.541	120	400	550	540	640	150	140	-10	0.234375	0.21875	-0.015625
6	4	9	9	123	193	1.286	1.697	2.209	2.366	2.791	330	540	600	610	700	60	70	10	0.085714286	0.1	0.014285714
6	4	13	2	53	115	1.294	1.53	2.269	2.255	2.833	230	490	500	540	620	10	50	40	0.016129032	0.080645161	0.064516129
6	4	14	9	59	129	1.278	1.526	2.18	2.255	2.681	240	510	570	600	700	60	90	30	0.085714286	0.128571429	0.042857143
7	1	7	2	13	77	1.281	1.642	1.979	2.268	2.707	290	390	520	570	640	130	180	50	0.203125	0.28125	0.078125
7	1	7	7	77	123	1.228	1.566	1.903	2.015	2.563	200	350	360	390	460	10	40	30	0.02173913	0.086956522	0.065217391
7	1	15	1	105	142	1.639	1.731	2.054	2.471	2.77	80	210	300	280	370	90	70	-20	0.243243243	0.189189189	-0.054054054
7	1	15	15	142	195	1.303	1.737	2.154	2.096	2.771	240	380	400	430	530	20	50	30	0.037735849	0.094339623	0.056603774
7	2	1	1	52	107	1.91	2.014	2.123	2.468	3.12	80	200	380	450	550	180	250	70	0.327272727	0.454545455	0.127272727
7	2	1	1	106	172	1.619	1.935	2.206	2.717	2.832	240	380	570	520	660	190	140	-50	0.287878788	0.212121212	-0.075757576
7	2	4	4	16	66	1.6	1.843	2.233	2.29	3.089	150	310	350	400	500	40	90	50	0.08	0.18	0.1
7	2	11	1	52	105	1.743	1.792	2.105	2.281	2.804	60	280	370	400	530	90	120	30	0.169811321	0.226415094	0.056603774
7	2	11	11	106	169	1.398	1.561	2.019	2.236	2.589	170	370	480	510	630	110	140	30	0.174603175	0.222222222	0.047619048
7	3	1	1	24	131	1.614	2.332	2.528	2.67	3.203	620	820	880	960	1070	60	140	80	0.056074766	0.130841121	0.074766355
7	3	1	1	130	167	1.711	1.699	2.166	2.296	2.695	40	250	280	310	370	30	60	30	0.081081081	0.162162162	0.081081081
7	3	9	9	68	102	1.991	2.002	2.37	2.608	3.031	20	150	210	240	340	60	90	30	0.176470588	0.264705882	0.088235294
7	3	12	9	65	96	1.781	1.859	2.105	2.28	2.831	40	150	210	220	310	60	70	10	0.193548387	0.225806452	0.032258065
7	3	17	1	131	178	1.509	1.607	1.887	2.254	2.639	140	260	380	380	470	120	120	0	0.255319149	0.255319149	0
7	3	18	1	167	237	1.261	1.823	2.16	2.16	2.537	330	530	610	610	700	80	80	0	0.114285714	0.114285714	0
7	4	1	1	82	167	1.675	2.168	2.39	2.595	3.07	470	670	720	770	850	50	100	50	0.058823529	0.117647059	0.058823529
7	4	1	1	167	226	1.682	1.96	2.455	2.5	3.006	210	400	420	520	590	20	120	100	0.033898305	0.203389831	0.169491525
7	4	17	1	166	209	1.402	1.583	1.862	2.171	2.404	160	290	370	350	430	80	60	-20	0.186046512	0.139534884	-0.046511628
7	5	2	2	52	118	1.422	1.551	1.88	2.259	2.844	140	310	470	550	660	160	240	80	0.242424242	0.363636364	0.121212121
7	5	9	9	145	213	1.163	1.443	1.729	1.877	2.387	210	400	510	560	680	110	160	50	0.161764706	0.235294118	0.073529412
8	1	1	1	98	164	2.115	2.328	2.712	2.839	3.433	240	450	510	500	660	60	50	-10	0.090909091	0.075757576	-0.015151515
8	1	1	1	164	222	1.802	2.082	2.488	2.635	3.155	210	420	470	480	580	50	60	10	0.086206897	0.103448276	0.017241379
8	1	2	2	148	190	1.7	1.833	2.064	2.345	2.579	110	250	330	350	420	80	100	20	0.19047619	0.238095238	0.047619048
8	1	3	3	24	91	1.641	1.648	2.143	2.253	2.765	10	340	470	570	670	130	230	100	0.194029851	0.343283582	0.149253731
8	1	5	3	23	106	1.87	1.899	2.07	2.17	2.899	20	200	580	660	830	380	460	80	0.457831325	0.554216867	0.096385542
8	1	6	2	26	86	1.462	1.894	2.209	2.244	2.674	290	470	480	510	600	10	40	30	0.016666667	0.066666667	0.05
8	1	9	1	85	169	1.704	2.109	2.451	2.719	3.26	370	570	680	710	840	110	140	30	0.130952381	0.166666667	0.035714286
8	1	9	9	165	232	1.551	1.837	2.324	2.531	2.963	160	390	530	490	670	140	100	-40	0.208955224	0.149253731	-0.059701493
8	1	10	6	86	154	1.417	1.522	1.927	2.099	2.635	290	490	540	580	680	50	90	40	0.073529412	0.132352941	0.058823529
8	1	14	2	149	211	1.634	1.713	2.018	2.069	2.917	90	340	460	520	620	120	180	60	0.193548387	0.290322581	0.096774194
8	1	17	1	164	215	1.631	1.829	2.384	2.384	2.875	150	360	360	390	510	0	30	30	0	0.058823529	0.058823529
8	1	18	9	166	204	1.495	1.832	2.2	2.279	2.712	110	260	270	280	380	10	20	10	0.026315789	0.052631579	0.026315789
8	4	3	3	69	129	1.384	1.58	2.072	2.365	2.879	180	370	470	520	600	100	150	50	0.166666667	0.25	0.083333333
8	4	3	3	130	204	1.289	1.443	1.692	1.931	2.978	420	570	580	660	740	10	90	80	0.013513514	0.121621622	0.108108108
8	4	4	4	43	124	1.174	1.738	2.332	2.444	2.624	570	730	740	750	810	10	20	10	0.012345679	0.024691358	0.012345679
8	4	5	5	21	69	1.448	1.524	1.755	2.141	2.441	120	230	370	390	480	140	160	20	0.291666667	0.333333333	0.041666667
8	4	9	5	21	59	1.373	1.349	1.723	2.21	2.408	60	240	330	330	380	90	90	0	0.236842105	0.236842105	0
8	4	13	3	69	114	1.564	1.677	2.168	2.24	2.549	190	360	380	390	450	20	30	10	0.044444444	0.066666667	0.022222222
8	4	15	15	131	186	1.358	1.43	1.725	2.012	2.694	50	220	400	440	550	180	220	40	0.327272727	0.4	0.072727273
8	4	15	15	185	229	1.294	1.456	1.716	2.066	2.318	80	230	350	350	440	120	120	0	0.272727273	0.272727273	0
8	5	1	1	13	161	1.4	1.741	2.075	2.384	3.043	550	1140	1310	1370	1480	170	230	60	0.114864865	0.155405405	0.040540541
8	5	1	1	161	239	1.584	1.855	2.331	2.697	3.126	200	430	630	610	780	200	180	-20	0.256410256	0.230769231	-0.025641026
8	5	2	2	24	107	1.514	2.051	2.375	2.549	3.061	440	650	700	750	830	50	100	50	0.060240964	0.120481928	0.060240964
8	5	2	2	106	143	1.492	1.658	1.924	2.114	2.306	110	260	300	340	370	40	80	40	0.108108108	0.216216216	0.108108108
8	5	3	3	27	98	1.429	1.493	1.912	2.238	2.034	180	410	520	620	710	110	210	100	0.154929577	0.295774648	0.14084507
8	5	11	1	14	70	1.228	1.395	1.711	2.058	2.471	150	330	470	500	560	140	170	30	0.25	0.303571429	0.053571429
8	5	13	2	25	111	1.252	1.904	2.229	2.365	2.748	510	740	750	780	860	10	40	30	0.011627907	0.046511628	0.034883721
8	5	16	11	70	120	1.166	1.511	2.09	2.175	2.565	270	400	410	430	500	10	30	20	0.02	0.06	0.04
8	5	16	16	120	181	1.34	1.976	2.009	2.63	3.359	370	500	540	530	610	40	30	-10	0.06557377	0.049180328	-0.016393443
8	5	21	11	122	181	1.165	1.523	2.184	2.595	2.711	270	410	490	540	590	80	130	50	0.13559322	0.220338983	0.084745763
8	5	23	1	161	220	1.459	1.713	2.125	2.299	2.726	200	390	460	510	590	70	120	50	0.118644068	0.203389831	0.084745763
9	2	1	1	58	104	1.741	1.97	2.506	2.535	3.034	140	320	330	390	460	10	70	60	0.02173913	0.152173913	0.130434783
9	2	1	1	104	206	1.708	2.131	2.913	3.095	3.502	300	720	850	940	1020	130	220	90	0.12745098	0.215686275	0.088235294
9	2	3	3	20	102	1.36	1.81	2.106	2.354	2.956	430	580	690	760	820	110	180	70	0.134146341	0.219512195	0.085365854
9	2	11	4	24	62	1.378	1.612	2.02	2.159	2.744	90	230	300	330	380	70	100	30	0.184210526	0.263157895	0.078947368
9	2	12	1	57	108	1.42	1.719	1.987	2.197	2.552	230	360	420	410	510	60	50	-10	0.117647059	0.098039216	-0.019607843
9	2	12	12	108	208	1.3	1.792	2.502	2.893	3.345	370	630	860	900	1000	230	270	40	0.23	0.27	0.04
9	2	15	1	104	186	1.327	1.821	2.336	2.669	3.178	380	610	710	710	820	100	100	0	0.12195122	0.12195122	0
9	3	1	1	33	106	1.881	1.985	2.482	2.521	2.999	140	560	600	630	730	40	70	30	0.054794521	0.095890411	0.04109589
9	3	1	1	106	211	1.586	1.667	2.21	2.585	3.158	50	490	850	930	1050	360	440	80	0.342857143	0.419047619	0.076190476
9	3	2	2	57	115	1.386	1.569	2.113	2.136	2.658	180	430	440	470	580	10	40	30	0.017241379	0.068965517	0.051724138
9	3	10	1	28	126	1.696	2.047	2.351	2.572	3.14	400	640	790	860	980	150	220	70	0.153061224	0.224489796	0.071428571
9	3	11	2	57	107	1.514	1.538	2.116	2.098	2.674	60	350	340	370	500	-10	20	30	-0.02	0.04	0.06
9	3	14	1	105	149	1.394	1.471	1.813	2.091	2.47	80	260	350	360	440	90	100	10	0.204545455	0.227272727	0.022727273
9	3	14	14	149	202	1.264	1.539	2.045	2.131	2.617	210	390	410	440	530	20	50	30	0.037735849	0.094339623	0.056603774
9	3	16	2	113	172	1.201	1.334	2.169	2.382	2.59	310	480	500	510	590	20	30	10	0.033898305	0.050847458	0.016949153
9	3	18	14	149	210	1.206	1.433	1.874	2.025	2.502	220	410	470	530	610	60	120	60	0.098360656	0.196721311	0.098360656
9	4	1	1	13	65	1.74	2.007	2.443	2.588	2.919	210	380	410	440	520	30	60	30	0.057692308	0.115384615	0.057692308
9	4	1	1	65	157	1.647	2.285	2.539	2.62	3.269	580	760	790	850	920	30	90	60	0.032608696	0.097826087	0.065217391
9	4	1	1	157	207	1.746	1.995	2.375	2.375	2.962	180	350	350	440	500	0	90	90	0	0.18	0.18
9	4	2	2	25	64	1.385	1.71	2.181	2.378	2.678	150	270	310	330	390	40	60	20	0.102564103	0.153846154	0.051282051
9	4	10	1	13	132	1.368	1.716	2.479	3.123	3.818	260	540	930	980	1190	390	440	50	0.327731092	0.369747899	0.042016807
9	4	11	2	25	72	1.544	1.863	2.479	2.479	3.029	140	360	360	420	470	0	60	60	0	0.127659574	0.127659574
9	4	12	1	66	142	1.35	1.836	2.59	2.591	3.32	320	540	530	640	760	-10	100	110	-0.013157895	0.131578947	0.144736842
9	5	2	2	35	126	1.223	1.714	2.066	2.129	2.672	460	710	740	780	910	30	70	40	0.032967033	0.076923077	0.043956044
9	5	3	3	49	115	1.52	1.799	2.229	2.229	2.827	180	500	510	570	660	10	70	60	0.015151515	0.106060606	0.090909091
9	5	4	4	17	52	1.456	1.477	1.809	2.138	2.442	10	190	290	280	350	100	90	-10	0.285714286	0.257142857	-0.028571429
9	5	9	4	17	52	1.242	1.369	1.647	1.84	2.151	50	260	280	300	350	20	40	20	0.057142857	0.114285714	0.057142857
9	5	11	2	35	148	1.127	1.519	2.037	2.119	2.575	390	780	960	1030	1130	180	250	70	0.159292035	0.221238938	0.061946903
9	5	15	1	88	125	1.409	1.436	1.853	1.935	2.446	50	210	240	270	370	30	60	30	0.081081081	0.162162162	0.081081081
9	5	15	15	125	190	1.214	1.572	2.031	2.135	2.673	280	480	510	550	650	30	70	40	0.046153846	0.107692308	0.061538462
9	5	17	15	125	172	1.231	1.378	1.757	1.964	2.309	210	350	400	420	470	50	70	20	0.106382979	0.14893617	0.042553191
9	5	19	1	131	217	1.185	1.786	2.138	2.269	2.782	440	650	710	770	860	60	120	60	0.069767442	0.139534884	0.069767442
10	1	8	3	5	76	1.251	1.691	2.45	2.348	3.059	200	510	530	580	710	20	70	50	0.028169014	0.098591549	0.070422535
10	1	10	2	20	61	1.47	1.656	2.151	2.289	2.807	100	290	320	320	410	30	30	0	0.073170732	0.073170732	0
10	1	10	10	60	117	1.355	1.803	2.098	2.098	2.779	280	440	440	490	570	0	50	50	0	0.087719298	0.087719298
10	1	13	10	61	176	1.441	1.922	2.803	2.985	3.885	280	680	830	980	1150	150	300	150	0.130434783	0.260869565	0.130434783
10	3	1	1	124	162	2.052	2.191	2.674	2.716	3.173	100	270	280	330	380	10	60	50	0.026315789	0.157894737	0.131578947
10	3	1	1	162	235	1.673	2.319	2.695	2.724	3.191	310	550	580	650	730	30	100	70	0.04109589	0.136986301	0.095890411
10	3	2	2	36	87	1.885	2.018	2.347	2.46	3.031	110	290	370	410	510	80	120	40	0.156862745	0.235294118	0.078431373
10	3	2	2	89	153	1.646	2.098	2.108	2.108	2.485	360	540	540	570	640	0	30	30	0	0.046875	0.046875
10	3	8	8	38	79	1.933	2.165	2.351	2.395	2.557	90	300	320	340	410	20	40	20	0.048780488	0.097560976	0.048780488
10	3	8	8	80	130	1.43	1.529	2.104	2.245	2.607	220	370	400	450	500	30	80	50	0.06	0.16	0.1
10	3	13	1	123	172	1.86	1.935	2.554	2.512	3.136	70	280	360	410	490	80	130	50	0.163265306	0.265306122	0.102040816
10	3	18	13	172	239	1.65	1.864	2.47	2.751	2.993	220	410	560	580	670	150	170	20	0.223880597	0.253731343	0.029850746
10	4	3	3	49	149	1.444	1.844	2.262	2.479	2.728	440	770	860	800	1000	90	30	-60	0.09	0.03	-0.06
10	5	1	1	46	191	1.839	2.329	2.792	3.166	4.042	500	870	1120	1280	1450	250	410	160	0.172413793	0.282758621	0.110344828
10	5	3	3	36	73	1.69	1.653	1.996	2.185	2.733	80	180	240	300	370	60	120	60	0.162162162	0.324324324	0.162162162
10	5	3	3	72	125	1.389	1.681	2.072	2.122	2.857	200	370	390	450	530	20	80	60	0.037735849	0.150943396	0.113207547
10	5	8	3	36	79	1.371	1.413	1.961	2.169	2.672	130	270	330	380	430	60	110	50	0.139534884	0.255813953	0.11627907
10	5	11	1	47	132	1.369	1.699	2.346	2.505	2.936	390	650	700	770	850	50	120	70	0.058823529	0.141176471	0.082352941
10	5	11	11	132	187	1.557	1.707	2.332	2.593	2.761	130	370	470	460	550	100	90	-10	0.181818182	0.163636364	-0.018181818
10	5	15	11	131	200	1.368	1.856	2.092	2.284	2.68	390	520	570	630	690	50	110	60	0.072463768	0.15942029	0.086956522
11	1	1	1	26	145	1.724	2.1	2.711	3.067	3.619	240	610	900	1010	1190	290	400	110	0.243697479	0.336134454	0.092436975
11	1	1	1	143	197	1.92	2.118	2.544	2.594	3.189	170	360	380	430	540	20	70	50	0.037037037	0.12962963	0.092592593
11	1	2	2	75	124	1.719	1.778	2.079	2.201	2.496	120	320	380	440	490	60	120	60	0.12244898	0.244897959	0.12244898
11	1	2	2	124	198	1.248	1.599	1.714	1.88	2.45	400	560	590	660	740	30	100	70	0.040540541	0.135135135	0.094594595
11	1	3	3	72	128	1.556	1.852	2.202	2.383	2.881	270	400	480	500	560	80	100	20	0.142857143	0.178571429	0.035714286
11	1	10	1	24	93	1.324	1.633	1.949	2.105	2.714	220	430	520	580	690	90	150	60	0.130434783	0.217391304	0.086956522
11	1	10	10	92	182	1.335	1.898	2.278	2.347	2.829	470	730	770	830	900	40	100	60	0.044444444	0.111111111	0.066666667
11	1	10	10	182	236	1.505	1.704	2.041	2.164	2.562	260	400	440	450	540	40	50	10	0.074074074	0.092592593	0.018518519
11	1	14	2	75	116	1.625	1.66	2.237	2.333	2.643	90	320	330	350	410	10	30	20	0.024390244	0.073170732	0.048780488
11	1	14	14	117	168	1.303	1.506	2.116	2.269	2.695	160	380	430	430	510	50	50	0	0.098039216	0.098039216	0
11	1	16	10	93	160	1.357	1.619	1.923	1.979	2.448	340	520	550	570	670	30	50	20	0.044776119	0.074626866	0.029850746
11	1	19	1	135	229	1.616	1.855	2.357	2.51	3.117	300	570	720	810	940	150	240	90	0.159574468	0.255319149	0.095744681
11	1	21	16	160	215	1.27	1.799	2.286	2.315	3.189	300	430	440	480	550	10	50	40	0.018181818	0.090909091	0.072727273
11	2	1	1	22	79	1.612	1.75	2.229	2.35	2.917	70	340	400	450	570	60	110	50	0.105263158	0.192982456	0.087719298
11	2	1	1	79	150	1.495	1.985	2.281	2.337	2.967	410	550	570	620	710	20	70	50	0.028169014	0.098591549	0.070422535
11	2	1	1	150	192	1.605	1.751	2.141	2.324	2.833	110	250	290	360	420	40	110	70	0.095238095	0.261904762	0.166666667
11	2	2	2	24	77	1.452	1.511	1.856	2.16	2.602	40	220	390	440	530	170	220	50	0.320754717	0.41509434	0.094339623
11	2	2	2	77	142	1.313	1.403	2.061	2.171	2.615	180	460	510	570	650	50	110	60	0.076923077	0.169230769	0.092307692
11	2	3	3	13	60	1.446	1.529	1.996	2.433	2.767	120	270	400	430	470	130	160	30	0.276595745	0.340425532	0.063829787
11	2	4	4	8	55	1.56	1.745	2.046	2.251	2.822	150	280	350	400	470	70	120	50	0.14893617	0.255319149	0.106382979
11	2	9	1	22	88	1.5	1.549	1.907	2.269	2.922	50	240	460	540	660	220	300	80	0.333333333	0.454545455	0.121212121
11	2	9	9	85	132	1.398	1.55	1.872	2.134	2.615	140	300	360	440	470	60	140	80	0.127659574	0.29787234	0.170212766
11	2	9	9	132	181	1.306	1.532	2.055	2.167	2.579	220	360	400	430	490	40	70	30	0.081632653	0.142857143	0.06122449
11	2	11	2	25	71	1.478	1.502	1.853	1.955	2.629	30	220	280	380	460	60	160	100	0.130434783	0.347826087	0.217391304
11	2	11	11	69	121	1.256	1.504	1.938	2.058	2.649	180	320	370	450	520	50	130	80	0.096153846	0.25	0.153846154
11	2	16	1	79	140	1.423	1.661	2.088	2.403	2.827	260	450	520	520	610	70	70	0	0.114754098	0.114754098	0
11	2	16	16	140	213	1.411	1.472	2.333	2.389	2.762	130	410	540	610	730	130	200	70	0.178082192	0.273972603	0.095890411
11	2	19	9	132	181	1.31	1.475	1.99	1.99	2.53	150	360	360	420	490	0	60	60	0	0.12244898	0.12244898
11	2	20	16	141	184	1.439	1.597	2.038	2.122	2.664	120	300	310	360	430	10	60	50	0.023255814	0.139534884	0.11627907
11	2	23	1	150	194	1.362	1.581	1.982	2.169	2.566	140	280	330	340	440	50	60	10	0.113636364	0.136363636	0.022727273
11	3	1	1	61	119	1.463	1.672	2.087	2.171	2.668	200	400	430	500	580	30	100	70	0.051724138	0.172413793	0.120689655
11	3	1	1	118	187	1.437	1.806	2.345	2.402	2.944	320	540	550	590	690	10	50	40	0.014492754	0.072463768	0.057971014
11	3	2	2	104	170	1.436	1.634	1.959	2.171	2.772	190	390	470	590	660	80	200	120	0.121212121	0.303030303	0.181818182
11	3	3	3	22	77	1.253	1.479	1.871	1.871	2.335	240	410	410	480	550	0	70	70	0	0.127272727	0.127272727
11	3	3	3	79	135	1.224	1.425	1.799	1.799	2.134	220	430	430	490	560	0	60	60	0	0.107142857	0.107142857
11	3	4	4	33	87	1.269	1.458	1.751	2.02	2.606	170	310	400	480	540	90	170	80	0.166666667	0.314814815	0.148148148
11	3	11	3	22	93	1.329	1.621	2.039	2.237	2.921	250	410	560	640	710	150	230	80	0.211267606	0.323943662	0.112676056
11	3	12	4	31	79	1.322	1.39	1.927	2.079	2.363	170	350	370	400	480	20	50	30	0.041666667	0.104166667	0.0625
11	3	14	1	59	142	1.247	1.669	2.078	2.081	2.853	310	600	630	710	830	30	110	80	0.036144578	0.13253012	0.096385542
11	3	14	14	139	195	1.305	1.431	1.935	2.234	2.636	120	350	430	450	560	80	100	20	0.142857143	0.178571429	0.035714286
11	3	15	3	78	130	1.144	1.458	1.972	2.108	2.718	200	390	400	440	520	10	50	40	0.019230769	0.096153846	0.076923077
11	3	20	1	118	198	1.2	1.636	2.102	2.118	2.477	430	650	660	690	800	10	40	30	0.0125	0.05	0.0375
11	3	23	14	142	184	1.477	1.551	1.815	1.831	2.282	120	280	300	330	420	20	50	30	0.047619048	0.119047619	0.071428571
11	4	1	1	78	133	1.479	1.905	2.239	2.239	2.72	320	440	440	490	550	0	50	50	0	0.090909091	0.090909091
11	4	1	1	133	196	1.549	1.986	2.489	2.67	3.217	290	500	540	560	630	40	60	20	0.063492063	0.095238095	0.031746032
11	4	3	3	29	73	1.371	1.411	1.901	1.969	2.569	170	320	340	370	440	20	50	30	0.045454545	0.113636364	0.068181818
11	4	4	4	27	86	1.35	1.557	2.263	2.202	2.995	290	460	470	520	590	10	60	50	0.016949153	0.101694915	0.084745763
11	4	12	3	29	90	1.356	1.72	2.178	2.296	2.968	200	430	480	540	610	50	110	60	0.081967213	0.180327869	0.098360656
11	4	14	2	73	128	1.249	1.666	1.8	1.8	2.441	290	440	440	480	550	0	40	40	0	0.072727273	0.072727273
11	4	15	1	78	130	1.237	1.41	1.812	1.812	2.342	190	370	370	440	520	0	70	70	0	0.134615385	0.134615385
11	4	19	15	130	191	1.166	1.553	1.967	1.967	2.47	310	490	490	530	610	0	40	40	0	0.06557377	0.06557377
11	4	20	1	133	212	1.172	1.827	2.272	2.013	2.242	490	640	690	700	790	50	60	10	0.063291139	0.075949367	0.012658228
11	5	1	1	27	79	1.884	2.031	2.347	2.499	3.093	190	340	390	440	520	50	100	50	0.096153846	0.192307692	0.096153846
11	5	1	1	79	125	1.739	1.969	2.275	2.409	2.857	170	310	350	390	460	40	80	40	0.086956522	0.173913043	0.086956522
11	5	1	1	122	181	1.468	2.008	2.495	2.535	2.836	330	510	520	540	590	10	30	20	0.016949153	0.050847458	0.033898305
11	5	2	2	41	104	1.269	1.61	1.986	2.086	2.578	250	480	510	550	630	30	70	40	0.047619048	0.111111111	0.063492063
11	5	2	2	105	168	1.217	1.531	2.19	2.19	2.859	250	500	500	570	630	0	70	70	0	0.111111111	0.111111111
11	5	3	3	57	118	1.5	1.604	2.017	2.397	3.149	90	330	450	520	610	120	190	70	0.196721311	0.31147541	0.114754098
11	5	4	4	14	64	1.556	1.701	2.09	2.183	2.59	130	300	380	450	500	80	150	70	0.16	0.3	0.14
11	5	11	4	14	59	1.597	1.692	1.961	2.142	2.66	80	220	310	380	450	90	160	70	0.2	0.355555556	0.155555556
11	5	12	1	27	113	1.65	1.992	2.35	2.492	3.057	480	650	720	760	860	70	110	40	0.081395349	0.127906977	0.046511628
11	5	12	12	113	167	1.518	1.663	2.166	2.189	2.817	120	360	370	420	540	10	60	50	0.018518519	0.111111111	0.092592593
11	5	14	2	41	96	1.288	1.489	1.762	2.143	2.423	200	370	460	470	550	90	100	10	0.163636364	0.181818182	0.018181818
11	5	18	1	77	135	1.294	1.7	2.105	2.187	2.599	230	400	470	470	580	70	70	0	0.120689655	0.120689655	0
12	1	1	1	62	123	1.551	1.875	2.215	2.48	2.807	300	450	530	550	610	80	100	20	0.131147541	0.163934426	0.032786885
12	1	1	1	123	220	1.513	2.262	2.508	2.953	3.469	440	580	760	850	970	180	270	90	0.18556701	0.278350515	0.092783505
12	1	12	1	61	148	1.443	1.882	2.433	2.418	2.899	450	690	680	750	870	-10	60	70	-0.011494253	0.068965517	0.08045977
12	1	12	12	148	222	1.359	1.724	2.095	2.29	2.729	330	500	590	610	740	90	110	20	0.121621622	0.148648649	0.027027027
12	1	13	2	78	199	1.568	2.129	2.49	2.875	3.414	600	920	1070	1100	1210	150	180	30	0.123966942	0.148760331	0.024793388
12	1	14	3	79	159	1.433	1.977	2.227	2.25	2.842	510	650	670	750	800	20	100	80	0.025	0.125	0.1
12	1	16	1	123	233	1.293	1.687	2.638	2.693	2.418	470	780	890	1010	1100	110	230	120	0.1	0.209090909	0.109090909
12	1	18	12	147	221	1.525	2.049	2.504	2.513	2.909	340	580	590	660	740	10	80	70	0.013513514	0.108108108	0.094594595
12	2	2	2	36	87	1.452	1.462	1.92	1.951	2.552	180	370	380	440	510	10	70	60	0.019607843	0.137254902	0.117647059
12	2	2	2	88	178	1.361	1.781	2.312	2.71	3.253	370	650	780	820	900	130	170	40	0.144444444	0.188888889	0.044444444
12	2	10	2	35	81	1.381	1.575	2.018	2.058	2.569	170	330	340	400	460	10	70	60	0.02173913	0.152173913	0.130434783
12	2	13	2	87	147	1.221	1.511	2.18	2.18	2.504	300	460	460	530	600	0	70	70	0	0.116666667	0.116666667
12	3	2	2	49	123	1.404	1.786	2.242	2.465	2.72	270	510	620	640	740	110	130	20	0.148648649	0.175675676	0.027027027
12	3	2	2	123	206	1.492	1.933	2.177	2.177	2.921	470	650	650	740	830	0	90	90	0	0.108433735	0.108433735
12	3	3	3	99	133	1.704	1.88	2.162	2.18	2.464	60	220	250	280	340	30	60	30	0.088235294	0.176470588	0.088235294
12	3	7	7	9	60	1.224	1.689	2.011	2.077	2.232	170	350	420	430	510	70	80	10	0.137254902	0.156862745	0.019607843
12	3	9	9	110	190	1.383	1.848	2.194	2.249	2.708	510	670	690	730	800	20	60	40	0.025	0.075	0.05
12	3	12	3	99	142	1.501	1.718	2.21	2.248	2.689	170	320	330	390	430	10	70	60	0.023255814	0.162790698	0.139534884
12	4	1	1	38	99	1.42	1.81	2.333	2.333	2.84	310	480	480	530	610	0	50	50	0	0.081967213	0.081967213
12	4	1	1	99	169	1.535	1.99	2.338	2.448	3.098	350	510	540	650	700	30	140	110	0.042857143	0.2	0.157142857
12	4	9	1	38	96	1.169	1.436	1.795	1.737	2.342	290	460	430	540	580	-30	80	110	-0.051724138	0.137931034	0.189655172
12	4	9	9	95	171	1.058	2.094	2.444	2.509	3.015	520	650	660	700	760	10	50	40	0.013157895	0.065789474	0.052631579
12	4	11	11	152	206	1.244	2.056	2.351	2.351	2.966	320	450	450	470	540	0	20	20	0	0.037037037	0.037037037
12	4	13	11	152	211	1.367	2.063	2.402	2.358	2.801	330	480	470	530	590	-10	50	60	-0.016949153	0.084745763	0.101694915
12	5	1	1	63	112	1.538	1.838	2.289	2.289	2.867	210	360	360	410	490	0	50	50	0	0.102040816	0.102040816
12	5	1	1	112	173	1.613	2.099	2.548	2.548	3.172	330	480	480	550	610	0	70	70	0	0.114754098	0.114754098
12	5	2	2	55	160	1.26	1.646	2.091	2.166	2.465	440	740	800	890	1050	60	150	90	0.057142857	0.142857143	0.085714286
12	5	3	3	50	110	1.266	1.391	1.779	1.795	2.239	150	350	410	520	600	60	170	110	0.1	0.283333333	0.183333333
12	5	7	7	10	46	1.43	1.334	1.612	1.84	2.384	60	200	250	290	360	50	90	40	0.138888889	0.25	0.111111111
12	5	16	2	55	127	1.269	1.869	2.238	2.317	2.851	390	550	570	650	720	20	100	80	0.027777778	0.138888889	0.111111111
12	5	17	1	62	114	1.194	1.389	1.783	1.913	2.307	210	380	410	450	520	30	70	40	0.057692308	0.134615385	0.076923077
12	5	21	1	110	230	1.241	2.236	2.681	2.828	3.368	600	910	1020	1120	1200	110	210	100	0.091666667	0.175	0.083333333
12	5	22	17	114	191	1.119	1.477	2.142	2.154	2.522	500	660	670	690	770	10	30	20	0.012987013	0.038961039	0.025974026
13	1	1	1	93	148	1.938	2.143	2.554	2.623	3.031	160	380	420	500	550	40	120	80	0.072727273	0.218181818	0.145454545
13	1	12	1	91	142	1.608	2.153	2.627	2.651	2.901	250	420	430	410	510	10	-10	-20	0.019607843	-0.019607843	-0.039215686
13	1	14	1	148	228	1.407	2.544	2.525	2.616	3.211	460	600	660	710	800	60	110	50	0.075	0.1375	0.0625
13	2	1	1	37	101	1.648	2.3	2.689	2.656	3.088	400	540	530	570	640	-10	30	40	-0.015625	0.046875	0.0625
13	2	1	1	101	209	1.595	2.329	2.739	2.793	3.182	650	880	930	970	1080	50	90	40	0.046296296	0.083333333	0.037037037
13	2	2	2	108	182	1.275	1.621	1.917	2.209	2.375	380	560	670	680	740	110	120	10	0.148648649	0.162162162	0.013513514
13	2	11	5	7	71	1.304	1.586	1.972	1.972	2.478	310	510	510	580	640	0	70	70	0	0.109375	0.109375
13	2	13	1	37	94	1.273	1.525	1.865	1.865	2.41	270	460	460	470	570	0	10	10	0	0.01754386	0.01754386
13	2	13	13	96	195	1.217	2.011	2.501	2.494	3.062	670	830	840	900	990	10	70	60	0.01010101	0.070707071	0.060606061
13	2	14	2	50	148	1.314	1.841	2.023	2.07	2.732	510	770	800	920	980	30	150	120	0.030612245	0.153061224	0.12244898
13	2	16	13	96	180	1.285	1.745	1.988	2	2.868	500	690	700	750	840	10	60	50	0.011904762	0.071428571	0.05952381
13	2	17	1	101	167	1.493	1.838	2.322	2.335	2.772	390	570	560	590	660	-10	20	30	-0.015151515	0.03030303	0.045454545
13	3	7	7	34	127	1.894	2.586	3.044	3.044	3.642	580	770	770	880	930	0	110	110	0	0.11827957	0.11827957
13	3	7	7	128	171	1.93	2.273	2.601	2.833	3.053	210	330	360	350	430	30	20	-10	0.069767442	0.046511628	-0.023255814
13	3	13	7	127	170	1.736	2.075	2.243	2.448	2.96	170	280	350	360	430	70	80	10	0.162790698	0.186046512	0.023255814
13	3	13	13	170	238	1.383	2.085	2.487	2.572	3.147	360	560	580	590	680	20	30	10	0.029411765	0.044117647	0.014705882
13	3	15	7	171	236	1.482	1.905	2.54	2.54	2.886	320	540	540	570	650	0	30	30	0	0.046153846	0.046153846
13	4	1	1	11	49	1.501	1.535	1.733	2.13	2.477	20	140	270	310	380	130	170	40	0.342105263	0.447368421	0.105263158
13	4	1	1	49	111	1.343	1.628	1.929	2.053	2.512	210	380	440	540	620	60	160	100	0.096774194	0.258064516	0.161290323
13	4	1	1	111	185	1.376	1.804	2.151	2.172	2.779	400	570	580	670	740	10	100	90	0.013513514	0.135135135	0.121621622
13	4	6	1	11	55	1.296	1.302	1.73	1.848	2.267	10	230	280	360	440	50	130	80	0.113636364	0.295454545	0.181818182
13	4	6	6	55	113	1.138	1.444	1.892	2.086	2.472	200	360	420	500	580	60	140	80	0.103448276	0.24137931	0.137931034
13	4	7	2	13	86	1.433	1.418	1.59	1.847	2.391	10	340	580	650	730	240	310	70	0.328767123	0.424657534	0.095890411
