Pos	Channel	Cell	MothCell	BirthFr	DivFr	Lb	Lri	Lrt	Lc	Ld	Tri	Trt	Tn	Tc	Td	Tn-Trt	Tc-Trt	Tc-Tn	(Tn-Trt)/Td	(Tc-Trt)/ Td	(Tc-Tn)/ Td
1	1	1	1	67	107	1.783	1.783	2.101	2.345	2.917	0	100	120	128	160	20	28	8	0.125	0.175	0.05
1	1	1	1	107	164	1.406	1.254	1.66	1.757	2.173	36	152	172	176	228	20	24	4	0.087719298	0.105263158	0.01754386
1	2	1	1	69	125	1.675	1.712	2.146	2.34	3.07	12	128	164	176	224	36	48	12	0.160714286	0.214285714	0.053571429
1	2	1	1	125	171	1.47	1.199	1.926	2.012	2.432	-52	92	104	124	184	12	32	20	0.065217391	0.173913043	0.108695652
1	2	2	2	54	90	1.593	1.338	1.594	1.891	2.363	-36	44	80	100	144	36	56	20	0.25	0.388888889	0.138888889
1	2	4	4	54	105	1.458	1.396	2.009	2.157	2.718	-8	112	136	152	204	24	40	16	0.117647059	0.196078431	0.078431373
1	2	5	5	37	85	1.52	1.497	1.855	2.038	2.648	-4	104	140	144	192	36	40	4	0.1875	0.208333333	0.020833333
1	2	18	2	56	84	1.556	1.345	1.988	2.222	2.809	-40	48	68	88	112	20	40	20	0.178571429	0.357142857	0.178571429
1	2	27	1	125	195	1.601	1.094	2.006	2.625	3.335	-92	68	196	216	280	128	148	20	0.457142857	0.528571429	0.071428571
1	3	11	1	48	97	1.821	2.003	2.583	2.897	3.206	32	128	148	152	196	20	24	4	0.102040816	0.12244898	0.020408163
2	2	1	1	26	66	1.543	1.465	1.781	1.876	2.438	-12	72	100	124	160	28	52	24	0.175	0.325	0.15
2	2	1	1	66	132	1.265	1.157	1.671	1.745	2.203	-32	188	204	204	264	16	16	0	0.060606061	0.060606061	0
2	2	2	2	30	94	1.246	1.275	1.894	1.93	2.578	4	160	164	188	256	4	28	24	0.015625	0.109375	0.09375
2	2	5	5	12	44	1.796	3.027	1.773	2.74	3.092	124	-4	96	100	128	100	104	4	0.78125	0.8125	0.03125
2	2	10	5	12	49	1.747	2.604	1.829	2.941	3.345	92	8	120	116	148	112	108	-4	0.756756757	0.72972973	-0.027027027
2	2	11	1	26	70	1.4	1.317	2.187	2.187	2.65	-12	116	116	116	176	0	0	0	0	0	0
2	2	11	11	70	125	1.253	1.264	1.777	2.054	2.571	-12	120	160	184	220	40	64	24	0.181818182	0.290909091	0.109090909
2	2	11	11	125	189	1.354	1.354	2.044	2.383	2.737	0	152	184	216	256	32	64	32	0.125	0.25	0.125
2	2	12	2	30	80	1.413	1.356	2.039	2.099	2.752	20	132	140	152	200	8	20	12	0.04	0.1	0.06
2	2	18	1	66	117	1.173	1.229	1.743	1.957	2.419	44	120	148	160	204	28	40	12	0.137254902	0.196078431	0.058823529
2	2	19	11	70	123	1.397	1.378	1.931	2.007	2.6	-8	96	120	144	212	24	48	24	0.113207547	0.226415094	0.113207547
2	2	21	2	93	144	1.375	1.439	1.68	1.984	2.351	36	124	160	164	204	36	40	4	0.176470588	0.196078431	0.019607843
3	2	1	1	50	106	1.55	1.559	1.95	1.907	2.45	24	136	156	168	224	20	32	12	0.089285714	0.142857143	0.053571429
3	2	1	1	105	202	1.265	1.219	1.446	1.662	2.218	-8	228	308	344	388	80	116	36	0.206185567	0.298969072	0.092783505
3	2	10	1	50	117	1.634	1.741	3.106	2.87	3.507	56	164	188	236	268	24	72	48	0.089552239	0.268656716	0.179104478
3	2	13	10	116	186	1.794	1.839	2.482	2.653	3.129	12	140	220	232	280	80	92	12	0.285714286	0.328571429	0.042857143
3	3	10	1	7	35	1.111	1.046	2.079	2.16	2.61	-8	76	88	84	112	12	8	-4	0.107142857	0.071428571	-0.035714286
3	3	10	10	34	80	1.293	1.238	2.337	2.297	2.62	60	148	140	148	184	-8	0	8	-0.043478261	0	0.043478261
3	4	1	1	23	58	1.959	1.842	2.925	3.048	3.352	-12	92	108	104	140	16	12	-4	0.114285714	0.085714286	-0.028571429
3	4	1	1	40	59	1.761	1.172	1.996	2.122	2.539	-36	28	40	48	76	12	20	8	0.157894737	0.263157895	0.105263158
3	4	1	1	60	121	1.188	1.344	1.799	1.864	2.328	72	164	180	184	244	16	20	4	0.06557377	0.081967213	0.016393443
3	4	1	1	123	195	1.414	1.1	1.437	1.602	1.99	48	164	216	232	288	52	68	16	0.180555556	0.236111111	0.055555556
3	4	14	1	23	65	1.095	1.563	2.189	2.242	3.23	4	104	112	144	168	8	40	32	0.047619048	0.238095238	0.19047619
3	4	14	14	23	66	0.547	0.735	1.178	1.233	1.931	12	108	112	128	172	4	20	16	0.023255814	0.11627907	0.093023256
3	4	14	14	66	114	0.995	1.062	2.191	2.319	2.625	40	132	144	148	192	12	16	4	0.0625	0.083333333	0.020833333
3	4	17	1	66	119	0.948	0.936	1.036	1.303	1.943	52	132	160	168	212	28	36	8	0.132075472	0.169811321	0.037735849
3	5	1	1	41	95	1.531	1.572	2.082	2.147	3.143	56	156	168	184	216	12	28	16	0.055555556	0.12962963	0.074074074
3	5	1	1	99	142	1.542	1.457	1.768	1.954	2.322	-12	88	112	144	172	24	56	32	0.139534884	0.325581395	0.186046512
3	5	1	1	143	205	1.259	1.256	2.128	2.247	2.655	36	132	192	196	248	60	64	4	0.241935484	0.258064516	0.016129032
3	5	13	2	20	52	1.273	1.942	2.505	2.595	2.799	12	84	96	116	128	12	32	20	0.09375	0.25	0.15625
3	5	15	1	41	93	1.542	1.706	2.249	2.248	2.69	60	160	164	176	208	4	16	12	0.019230769	0.076923077	0.057692308
4	2	1	1	22	55	1.607	1.541	2.022	2.53	3.044	-8	68	96	108	132	28	40	12	0.212121212	0.303030303	0.090909091
4	2	1	1	55	101	1.435	1.434	1.688	2.269	3.033	56	124	156	148	184	32	24	-8	0.173913043	0.130434783	-0.043478261
4	5	2	2	20	64	1.433	1.486	2.02	2.02	2.825	28	108	108	140	176	0	32	32	0	0.181818182	0.181818182
4	5	2	2	64	109	1.377	1.537	2.224	2.217	2.878	20	108	132	140	180	24	32	8	0.133333333	0.177777778	0.044444444
4	5	11	2	20	63	1.771	1.512	2.202	2.248	2.945	20	112	116	132	172	4	20	16	0.023255814	0.11627907	0.093023256
4	5	11	11	63	112	1.351	1.62	2.066	2.188	2.817	36	140	152	168	196	12	28	16	0.06122449	0.142857143	0.081632653
4	5	12	11	63	108	1.594	1.577	2.266	2.198	3.297	8	132	136	140	180	4	8	4	0.022222222	0.044444444	0.022222222
4	5	13	2	64	102	1.448	1.422	2.258	2.385	3.006	20	96	100	108	152	4	12	8	0.026315789	0.078947368	0.052631579
4	5	14	1	90	135	1.757	1.582	2.372	2.471	2.828	-36	136	144	152	180	8	16	8	0.044444444	0.088888889	0.044444444
5	1	1	1	28	65	1.838	1.567	2.133	2.133	2.846	24	112	112	120	148	0	8	8	0	0.054054054	0.054054054
5	1	11	1	28	65	1.179	1.501	2.35	2.813	3.049	28	112	116	128	148	4	16	12	0.027027027	0.108108108	0.081081081
5	2	1	1	14	64	1.731	1.731	2.235	2.713	2.926	0	112	168	168	200	56	56	0	0.28	0.28	0
5	2	2	2	46	95	1.357	1.295	1.863	1.968	2.622	20	112	144	148	196	32	36	4	0.163265306	0.183673469	0.020408163
5	2	12	1	14	73	1.523	1.552	2.306	2.339	3.032	4	120	144	180	236	24	60	36	0.101694915	0.254237288	0.152542373
5	2	15	2	46	91	1.279	1.324	1.615	1.986	3.469	4	84	112	152	180	28	68	40	0.155555556	0.377777778	0.222222222
5	2	17	1	64	97	1.368	1.349	1.925	2.141	2.589	-24	76	96	104	132	20	28	8	0.151515152	0.212121212	0.060606061
5	5	1	1	32	69	1.591	1.496	2.087	2.046	2.734	16	88	100	120	148	12	32	20	0.081081081	0.216216216	0.135135135
5	5	1	1	69	124	1.476	1.416	2.113	2.208	2.455	52	148	160	172	220	12	24	12	0.054545455	0.109090909	0.054545455
5	5	2	2	29	69	1.483	1.457	2.149	2.76	3.082	-4	72	120	116	160	48	44	-4	0.3	0.275	-0.025
5	5	3	3	20	65	1.608	1.208	1.801	1.875	2.529	-52	68	92	144	180	24	76	52	0.133333333	0.422222222	0.288888889
5	5	12	3	20	63	1.598	1.283	2.023	2.211	2.93	-40	72	104	136	172	32	64	32	0.186046512	0.372093023	0.186046512
5	5	13	2	30	67	1.392	1.43	1.739	2.098	2.639	-4	60	112	112	148	52	52	0	0.351351351	0.351351351	0
5	5	14	1	32	67	1.349	1.288	2.096	2.275	2.698	8	84	100	108	140	16	24	8	0.114285714	0.171428571	0.057142857
5	5	24	1	69	117	1.258	1.471	2.289	2.474	2.85	56	136	148	160	192	12	24	12	0.0625	0.125	0.0625
6	1	1	1	29	54	1.76	1.616	2.236	2.236	2.812	-24	52	52	72	100	0	20	20	0	0.2	0.2
6	1	1	1	181	199	3.032	1.81	3.024	3.319	3.694	-148	-4	32	36	72	36	40	4	0.5	0.555555556	0.055555556
6	1	2	2	28	62	1.618	1.502	2.214	2.407	2.946	-24	64	84	92	136	20	28	8	0.147058824	0.205882353	0.058823529
6	1	2	2	60	114	1.495	1.555	1.769	1.806	2.534	32	128	148	168	216	20	40	20	0.092592593	0.185185185	0.092592593
6	1	3	3	17	61	1.675	1.616	2.32	2.403	3.321	-8	80	108	132	176	28	52	24	0.159090909	0.295454545	0.136363636
6	1	12	3	17	53	1.677	1.514	2.188	2.204	3.099	-16	80	84	108	144	4	28	24	0.027777778	0.194444444	0.166666667
6	1	13	2	28	86	1.542	1.318	1.957	1.686	2.617	-28	84	128	188	232	44	104	60	0.189655172	0.448275862	0.25862069
6	1	14	1	28	62	1.517	1.42	1.977	2.13	2.71	-12	64	84	92	136	20	28	8	0.147058824	0.205882353	0.058823529
6	1	14	14	62	122	1.356	1.567	2.236	2.528	2.916	44	136	172	192	240	36	56	20	0.15	0.233333333	0.083333333
6	1	17	1	54	110	1.352	1.535	2.073	2.549	2.842	56	164	180	176	224	16	12	-4	0.071428571	0.053571429	-0.017857143
6	1	17	17	109	212	1.381	1.596	2.554	2.782	3.35	80	276	328	320	412	52	44	-8	0.126213592	0.106796117	-0.019417476
6	1	19	2	64	117	1.327	1.368	1.616	1.78	2.666	-16	100	144	172	212	44	72	28	0.20754717	0.339622642	0.132075472
6	1	20	14	62	122	1.354	1.511	2.358	2.272	2.271	56	164	180	204	240	16	40	24	0.066666667	0.166666667	0.1
6	1	24	17	110	196	1.449	1.686	2.561	2.663	2.757	84	236	264	288	344	28	52	24	0.081395349	0.151162791	0.069767442
6	2	1	1	35	80	1.692	1.882	2.443	2.501	2.96	56	136	144	144	180	8	8	0	0.044444444	0.044444444	0
6	2	1	1	80	118	1.537	1.63	2.056	2.053	2.466	28	100	104	116	152	4	16	12	0.026315789	0.105263158	0.078947368
6	2	1	1	118	211	1.331	1.599	2.047	2.205	2.559	96	228	284	288	372	56	60	4	0.150537634	0.161290323	0.010752688
6	2	2	2	35	80	1.482	1.425	2.109	2.446	2.812	12	108	144	140	180	36	32	-4	0.2	0.177777778	-0.022222222
6	2	13	2	35	76	1.552	1.817	2.516	2.522	2.893	20	112	120	112	164	8	0	-8	0.048780488	0	-0.048780488
6	2	14	1	37	89	1.47	1.559	2.426	2.569	2.971	20	128	152	144	208	24	16	-8	0.115384615	0.076923077	-0.038461538
6	2	14	14	89	158	1.588	1.555	2.185	2.542	3.278	32	152	208	204	276	56	52	-4	0.202898551	0.188405797	-0.014492754
6	2	17	1	80	128	1.424	1.584	2.139	2.4	2.804	24	116	144	132	192	28	16	-12	0.145833333	0.083333333	-0.0625
6	3	1	1	52	92	1.766	1.651	2.266	2.35	3.011	-16	92	104	104	160	12	12	0	0.075	0.075	0
6	3	1	1	92	154	1.543	1.578	2.111	2.25	2.959	40	148	164	176	248	16	28	12	0.064516129	0.112903226	0.048387097
6	3	2	2	53	102	1.584	1.552	2.272	2.436	3.088	-12	80	132	152	196	52	72	20	0.265306122	0.367346939	0.102040816
6	3	17	1	52	91	1.609	1.449	2.023	2.327	2.945	-12	68	120	128	156	52	60	8	0.333333333	0.384615385	0.051282051
6	3	17	17	93	160	1.511	1.487	1.599	2.659	3.079	4	96	204	212	268	108	116	8	0.402985075	0.432835821	0.029850746
6	3	18	2	53	94	1.674	1.629	2.012	2.124	2.957	-8	68	96	124	164	28	56	28	0.170731707	0.341463415	0.170731707
6	3	24	1	91	160	1.46	1.554	2.17	2.507	2.531	16	140	212	216	276	72	76	4	0.260869565	0.275362319	0.014492754
7	1	2	2	9	33	2.076	2.076	2.22	2.397	2.922	0	56	64	72	96	8	16	8	0.083333333	0.166666667	0.083333333
7	3	1	1	49	86	1.141	1.556	2.492	2.561	2.844	8	96	104	120	148	8	24	16	0.054054054	0.162162162	0.108108108
7	3	3	3	11	40	1.032	0.71	1.11	1.624	1.748	-16	84	92	92	116	8	8	0	0.068965517	0.068965517	0
8	3	1	1	38	112	1.344	1.718	2.229	2.283	2.72	116	232	240	248	296	8	16	8	0.027027027	0.054054054	0.027027027
8	3	1	1	112	184	1.443	1.554	1.964	2.175	2.617	48	164	220	240	288	56	76	20	0.194444444	0.263888889	0.069444444
8	3	2	2	34	96	1.438	1.602	2.261	2.241	2.687	52	160	172	204	248	12	44	32	0.048387097	0.177419355	0.129032258
8	3	3	3	45	123	1.283	1.553	2.072	2.33	2.992	104	196	232	260	312	36	64	28	0.115384615	0.205128205	0.08974359
8	3	13	2	34	85	1.38	1.399	1.942	2.003	2.441	32	144	140	160	204	-4	16	20	-0.019607843	0.078431373	0.098039216
8	3	14	1	38	107	1.255	1.682	2.393	2.426	2.944	88	200	204	216	276	4	16	12	0.014492754	0.057971014	0.043478261
8	3	19	1	112	179	1.276	1.349	1.966	2.075	2.717	44	156	180	204	268	24	48	24	0.089552239	0.179104478	0.089552239
9	1	1	1	50	116	1.436	1.463	1.966	2.107	2.671	12	148	192	212	264	44	64	20	0.166666667	0.242424242	0.075757576
9	1	1	1	116	198	1.16	0.97	1.423	1.943	2.472	-128	120	240	256	328	120	136	16	0.365853659	0.414634146	0.048780488
9	1	2	2	50	102	1.334	1.424	2.073	2.211	2.646	24	128	144	164	208	16	36	20	0.076923077	0.173076923	0.096153846
9	1	3	3	20	56	1.594	1.512	2.383	2.383	2.998	-20	96	96	100	144	0	4	4	0	0.027777778	0.027777778
9	1	13	2	50	101	1.62	1.727	2.635	2.635	3.104	24	148	148	160	204	0	12	12	0	0.058823529	0.058823529
9	1	14	1	49	116	1.35	1.483	2.491	2.88	3.35	36	184	220	224	268	36	40	4	0.134328358	0.149253731	0.014925373
9	1	14	14	117	166	1.616	1.44	2.084	2.665	2.945	-52	68	140	136	196	72	68	-4	0.367346939	0.346938776	-0.020408163
9	1	18	1	116	178	1.512	1.613	2.584	2.404	2.87	40	204	176	188	248	-28	-16	12	-0.112903226	-0.064516129	0.048387097
9	1	19	14	118	166	1.914	1.417	1.945	2.758	3.222	-52	56	156	160	192	100	104	4	0.520833333	0.541666667	0.020833333
9	3	1	1	19	52	1.659	1.585	1.784	2.059	2.415	-12	72	88	104	132	16	32	16	0.121212121	0.242424242	0.121212121
9	3	11	1	18	52	1.261	1.26	2.904	2.904	3.27	4	96	96	100	136	0	4	4	0	0.029411765	0.029411765
9	4	1	1	28	59	1.626	1.409	1.574	1.82	2.24	-48	52	88	100	124	36	48	12	0.290322581	0.387096774	0.096774194
9	4	1	1	60	119	1.294	1.037	1.076	1.267	1.879	8	136	172	204	236	36	68	32	0.152542373	0.288135593	0.13559322
9	4	12	1	59	107	0.999	1.145	2.035	2.035	2.456	12	140	140	100	192	0	-40	-40	0	-0.208333333	-0.208333333
9	5	1	1	18	54	1.794	1.544	1.914	1.914	2.466	12	96	96	120	144	0	24	24	0	0.166666667	0.166666667
10	1	9	9	9	45	1.852	1.708	1.974	2.288	3.049	-20	72	92	112	144	20	40	20	0.138888889	0.277777778	0.138888889
10	1	10	9	10	45	2.108	1.833	2.121	2.004	2.781	-28	48	92	108	140	44	60	16	0.314285714	0.428571429	0.114285714
10	1	11	1	24	105	1.779	1.453	2.493	2.46	3.038	80	228	240	264	324	12	36	24	0.037037037	0.111111111	0.074074074
10	2	1	1	64	99	1.614	1.614	2.15	2.248	2.647	0	76	92	100	140	16	24	8	0.114285714	0.171428571	0.057142857
10	2	1	1	99	162	1.203	1.387	2.082	2.231	2.763	68	192	208	208	252	16	16	0	0.063492063	0.063492063	0
10	2	17	1	64	114	1.58	0.881	2.331	2.608	3.056	-156	96	144	164	200	48	68	20	0.24	0.34	0.1
11	5	1	1	19	49	1.73	1.595	2.274	2.42	2.791	-16	64	80	88	120	16	24	8	0.133333333	0.2	0.066666667
11	5	1	1	50	106	1.285	1.392	2.002	2.066	2.193	48	148	164	188	224	16	40	24	0.071428571	0.178571429	0.107142857
11	5	1	1	106	168	1.112	1.177	1.292	1.481	2.161	40	148	168	176	248	20	28	8	0.080645161	0.112903226	0.032258065
11	5	2	2	17	61	1.339	1.534	2.231	2.235	2.884	20	108	120	124	176	12	16	4	0.068181818	0.090909091	0.022727273
11	5	3	3	23	56	1.624	1.571	2.565	2.644	3.37	-8	76	88	96	132	12	20	8	0.090909091	0.151515152	0.060606061
11	5	10	2	18	49	1.678	1.608	2.498	2.542	3.255	4	76	80	88	124	4	12	8	0.032258065	0.096774194	0.064516129
11	5	10	10	49	85	1.362	1.43	2.542	2.406	3.12	36	104	108	112	144	4	8	4	0.027777778	0.055555556	0.027777778
11	5	11	1	20	54	1.565	1.608	2.191	2.233	2.677	-16	56	68	92	136	12	36	24	0.088235294	0.264705882	0.176470588
11	5	11	11	54	99	1.278	1.595	2.322	2.475	2.699	44	132	148	140	180	16	8	-8	0.088888889	0.044444444	-0.044444444
11	5	12	3	22	60	1.535	1.534	2.454	2.666	2.525	-4	88	116	128	152	28	40	12	0.184210526	0.263157895	0.078947368
11	5	16	1	50	106	1.517	1.698	2.066	2.371	3.515	36	132	152	176	224	20	44	24	0.089285714	0.196428571	0.107142857
11	5	16	16	104	137	1.724	0.852	1.456	2.134	2.425	-168	-28	96	92	132	124	120	-4	0.939393939	0.909090909	-0.03030303
11	5	18	11	54	98	1.4	1.599	2.742	2.796	3.35	32	128	136	136	176	8	8	0	0.045454545	0.045454545	0
12	2	1	1	32	76	1.808	1.509	1.932	2.217	2.605	24	108	140	136	176	32	28	-4	0.181818182	0.159090909	-0.022727273
12	2	1	1	74	146	1.358	1.116	1.334	1.818	2.16	44	168	244	248	288	76	80	4	0.263888889	0.277777778	0.013888889
12	2	12	1	30	83	1.074	1.124	1.752	2.031	2.602	8	120	152	172	212	32	52	20	0.150943396	0.245283019	0.094339623
12	2	12	12	71	132	1.092	1.611	2.159	2.106	2.655	64	200	204	184	244	4	-16	-20	0.016393443	-0.06557377	-0.081967213
12	2	13	1	74	132	1.163	1.641	2.15	2.242	2.739	72	144	168	180	232	24	36	12	0.103448276	0.155172414	0.051724138
12	3	1	1	34	100	1.474	1.632	2.076	2.12	2.447	28	160	184	192	264	24	32	8	0.090909091	0.121212121	0.03030303
12	3	15	1	34	90	1.023	1.097	1.877	1.897	2.493	52	168	176	188	224	8	20	12	0.035714286	0.089285714	0.053571429
12	3	15	15	93	136	1.607	1.205	1.885	2.185	2.612	-16	76	124	124	172	48	48	0	0.279069767	0.279069767	0
12	3	16	1	99	203	1.369	1.542	2.633	2.826	3.481	156	328	352	336	416	24	8	-16	0.057692308	0.019230769	-0.038461538
12	4	2	2	36	115	1.666	1.478	1.986	2.154	3.028	-8	184	244	252	316	60	68	8	0.189873418	0.215189873	0.025316456
12	5	1	1	33	96	1.425	1.267	2.259	2.455	3.087	-28	184	200	208	252	16	24	8	0.063492063	0.095238095	0.031746032
12	5	1	1	96	148	1.356	1.356	1.587	1.849	2.213	0	96	148	160	208	52	64	12	0.25	0.307692308	0.057692308
12	5	2	2	41	98	1.538	1.633	2.303	2.597	3.079	20	128	172	180	228	44	52	8	0.192982456	0.228070175	0.035087719
12	5	2	2	98	160	1.589	1.734	2.375	2.399	2.727	28	160	164	204	248	4	44	40	0.016129032	0.177419355	0.161290323
12	5	3	3	41	96	1.635	1.704	2.408	2.491	3.007	20	132	156	172	220	24	40	16	0.109090909	0.181818182	0.072727273
12	5	4	4	47	77	1.619	1.703	2.199	2.139	2.642	16	80	92	100	120	12	20	8	0.1	0.166666667	0.066666667
12	5	5	5	23	47	1.99	1.676	2.219	2.558	3.384	-32	32	56	72	96	24	40	16	0.25	0.416666667	0.166666667
12	5	14	1	34	87	1.434	1.677	2.247	2.422	3.05	52	144	160	164	212	16	20	4	0.075471698	0.094339623	0.018867925
12	5	14	14	86	160	1.64	1.678	2.54	2.852	3.085	52	184	240	244	296	56	60	4	0.189189189	0.202702703	0.013513514
12	5	15	2	41	84	1.639	1.695	2.081	2.248	2.835	24	88	108	116	172	20	28	8	0.11627907	0.162790698	0.046511628
12	5	20	15	86	129	1.618	1.67	2.324	2.452	3.046	16	128	140	128	172	12	0	-12	0.069767442	0	-0.069767442
12	5	24	1	96	149	1.731	1.572	2.391	2.502	3.052	-24	100	116	156	212	16	56	40	0.075471698	0.264150943	0.188679245
12	5	25	2	97	153	1.467	1.49	2.207	2.275	3.117	4	156	176	188	224	20	32	12	0.089285714	0.142857143	0.053571429
13	2	1	1	29	74	0.955	1.069	2.593	2.868	3.504	32	108	136	148	180	28	40	12	0.155555556	0.222222222	0.066666667
13	2	1	1	74	158	1.354	1.247	1.585	2.01	2.283	92	208	272	292	336	64	84	20	0.19047619	0.25	0.05952381
13	2	16	1	36	66	2.01	1.999	3.248	3.334	3.959	12	92	96	104	120	4	12	8	0.033333333	0.1	0.066666667
13	2	16	16	69	127	1.281	1.501	2.114	2.263	2.75	48	156	184	188	232	28	32	4	0.120689655	0.137931034	0.017241379
13	2	21	21	104	137	2.646	1.382	3.326	3.469	3.991	-52	76	88	100	132	12	24	12	0.090909091	0.181818182	0.090909091
13	3	1	1	50	73	2.398	1.569	2.313	2.491	3.45	-72	20	44	64	92	24	44	20	0.260869565	0.47826087	0.217391304
13	3	3	3	35	74	1.469	1.535	2.247	2.33	2.851	16	96	100	112	156	4	16	12	0.025641026	0.102564103	0.076923077
13	3	13	3	35	67	1.487	1.559	1.834	2.119	2.525	16	92	104	104	128	12	12	0	0.09375	0.09375	0
13	3	15	1	48	81	1.882	1.482	2.148	2.626	3.209	-68	40	88	92	132	48	52	4	0.363636364	0.393939394	0.03030303
13	3	15	15	81	114	1.564	1.254	2.112	2.245	2.873	-24	56	72	100	132	16	44	28	0.121212121	0.333333333	0.212121212
13	3	16	2	81	126	1.509	1.538	1.994	2.358	2.571	4	96	136	160	180	40	64	24	0.222222222	0.355555556	0.133333333
13	3	17	1	73	104	1.919	1.626	2.538	2.82	2.973	-12	56	72	84	124	16	28	12	0.129032258	0.225806452	0.096774194
13	3	20	15	81	111	1.645	1.502	1.996	2.146	2.5	-20	76	64	84	120	-12	8	20	-0.1	0.066666667	0.166666667
14	1	1	1	34	81	1.253	1.304	1.652	1.88	2.35	36	120	144	160	188	24	40	16	0.127659574	0.212765957	0.085106383
14	1	19	1	108	143	0.944	1.075	1.118	1.598	2.003	-64	48	108	116	140	60	68	8	0.428571429	0.485714286	0.057142857
14	2	1	1	11	63	1.48	1.582	2.043	2.115	2.638	56	140	148	168	208	8	28	20	0.038461538	0.134615385	0.096153846
14	2	1	1	63	104	1.214	1.297	1.491	1.577	1.959	-4	108	116	140	164	8	32	24	0.048780488	0.195121951	0.146341463
14	2	2	2	14	90	1.204	1.273	1.953	2.276	3.028	12	164	228	248	304	64	84	20	0.210526316	0.276315789	0.065789474
14	2	2	2	89	153	1.346	1.457	1.844	1.903	2.701	8	152	168	216	256	16	64	48	0.0625	0.25	0.1875
14	2	5	5	5	50	1.122	1.139	1.704	1.704	2.231	4	128	128	164	180	0	36	36	0	0.2	0.2
14	2	12	1	11	69	1.197	1.228	2.237	2.182	2.798	48	184	180	192	232	-4	8	12	-0.017241379	0.034482759	0.051724138
14	2	12	12	68	108	1.528	1.457	1.981	2.036	2.627	-4	104	116	124	160	12	20	8	0.075	0.125	0.05
14	2	14	2	14	83	1.533	1.44	2.102	2.798	3.283	4	108	188	228	276	80	120	40	0.289855072	0.434782609	0.144927536
14	2	20	1	62	106	1.269	1.424	2.041	2.041	2.625	4	124	124	128	176	0	4	4	0	0.022727273	0.022727273
14	2	21	12	69	114	1.278	1.099	1.735	1.947	2.095	-8	100	128	144	180	28	44	16	0.155555556	0.244444444	0.088888889
15	1	1	1	30	76	1.595	1.566	2.391	2.393	2.829	12	132	136	148	184	4	16	12	0.02173913	0.086956522	0.065217391
15	1	1	1	74	139	1.36	1.567	2.257	2.427	2.896	76	172	212	220	260	40	48	8	0.153846154	0.184615385	0.030769231
15	1	13	1	30	71	1.655	1.8	2.185	2.231	3.27	20	92	112	124	164	20	32	12	0.12195122	0.195121951	0.073170732
15	1	13	13	71	115	1.623	1.56	1.945	2.031	2.558	24	124	148	140	176	24	16	-8	0.136363636	0.090909091	-0.045454545
15	2	1	1	8	35	2.094	2.756	2.382	2.42	2.758	136	60	76	80	108	16	20	4	0.148148148	0.185185185	0.037037037
15	2	1	1	36	91	1.582	1.544	1.912	1.966	2.381	52	148	164	180	220	16	32	16	0.072727273	0.145454545	0.072727273
15	2	1	1	93	148	1.411	1.204	1.63	2.053	2.398	4	132	172	164	220	40	32	-8	0.181818182	0.145454545	-0.036363636
15	2	10	1	10	39	1.43	1.221	2.921	2.921	3.235	-20	80	80	92	116	0	12	12	0	0.103448276	0.103448276
15	2	13	1	34	96	1.16	1.542	2.415	2.534	2.965	56	180	192	212	248	12	32	20	0.048387097	0.129032258	0.080645161
15	4	1	1	27	117	1.566	1.566	2.352	2.505	3.09	0	200	264	288	360	64	88	24	0.177777778	0.244444444	0.066666667
15	4	2	2	17	56	1.635	1.612	1.801	1.887	2.607	20	120	128	120	156	8	0	-8	0.051282051	0	-0.051282051
15	4	13	2	17	55	1.728	1.799	2.83	3.129	3.406	28	100	120	116	152	20	16	-4	0.131578947	0.105263158	-0.026315789
15	5	3	3	3	27	1.6	2.779	2.398	2.459	2.739	100	64	68	72	96	4	8	4	0.041666667	0.083333333	0.041666667
15	5	19	1	42	107	1.482	1.588	2.145	2.378	2.91	20	152	164	204	260	12	52	40	0.046153846	0.2	0.153846154
16	2	1	1	26	63	1.578	1.414	1.81	2.091	2.399	8	84	104	120	148	20	36	16	0.135135135	0.243243243	0.108108108
16	2	1	1	62	119	1.176	1.28	1.48	2.42	2.813	40	140	180	188	228	40	48	8	0.175438596	0.210526316	0.035087719
16	2	2	2	29	87	1.363	1.822	2.544	2.751	3.435	84	172	196	204	232	24	32	8	0.103448276	0.137931034	0.034482759
16	2	13	1	26	65	1.435	1.4	2.083	2.151	2.902	32	108	112	124	156	4	16	12	0.025641026	0.102564103	0.076923077
16	2	14	2	29	87	1.453	1.895	2.188	2.498	3.182	56	160	192	196	232	32	36	4	0.137931034	0.155172414	0.017241379
16	3	1	1	17	61	1.816	1.925	2.501	2.617	3.57	12	104	120	148	176	16	44	28	0.090909091	0.25	0.159090909
16	3	1	1	61	109	1.415	1.621	2.22	2.402	2.612	28	120	144	152	192	24	32	8	0.125	0.166666667	0.041666667
16	3	12	2	15	56	1.577	1.585	2.195	2.33	2.474	20	108	120	128	164	12	20	8	0.073170732	0.12195122	0.048780488
17	2	1	1	37	67	1.687	1.61	1.794	1.949	2.414	-12	60	76	76	120	16	16	0	0.133333333	0.133333333	0
17	2	1	1	67	142	1.301	1.245	1.657	1.631	2.17	60	208	240	260	300	32	52	20	0.106666667	0.173333333	0.066666667
17	2	2	2	36	71	1.447	1.456	1.991	2.065	2.468	8	84	88	104	140	4	20	16	0.028571429	0.142857143	0.114285714
17	2	16	1	36	66	1.634	1.553	2.484	2.561	2.973	-8	72	80	80	120	8	8	0	0.066666667	0.066666667	0
17	2	16	16	66	131	1.49	1.467	2.159	2.465	2.731	36	156	204	200	260	48	44	-4	0.184615385	0.169230769	-0.015384615
17	2	17	2	36	74	1.754	1.903	2.637	2.605	3.23	20	104	100	112	152	-4	8	12	-0.026315789	0.052631579	0.078947368
17	2	22	16	66	152	1.483	1.954	2.692	2.663	3.329	80	232	236	276	344	4	44	40	0.011627907	0.127906977	0.11627907
17	2	24	1	67	128	1.112	1.175	2.492	2.464	3.003	80	188	192	200	244	4	12	8	0.016393443	0.049180328	0.032786885
17	3	1	1	13	50	1.81	1.723	2.206	2.257	2.675	28	104	108	116	148	4	12	8	0.027027027	0.081081081	0.054054054
17	3	9	1	13	50	1.743	1.458	2.654	2.691	3.143	28	96	108	124	148	12	28	16	0.081081081	0.189189189	0.108108108
17	4	1	1	14	44	1.761	1.709	2.244	2.213	2.734	-16	52	72	88	120	20	36	16	0.166666667	0.3	0.133333333
17	4	2	2	24	77	1.614	1.637	2.171	2.224	2.91	-4	100	144	152	212	44	52	8	0.20754717	0.245283019	0.037735849
17	4	11	1	14	39	1.553	1.308	2.093	2.14	2.68	-16	52	60	76	100	8	24	16	0.08	0.24	0.16
17	4	12	2	24	76	1.537	1.537	1.881	2.155	2.305	0	148	172	176	208	24	28	4	0.115384615	0.134615385	0.019230769
17	4	17	1	44	83	1.331	1.485	1.952	2.13	2.616	12	88	108	108	156	20	20	0	0.128205128	0.128205128	0
18	4	1	1	16	46	1.832	1.756	1.672	1.796	2.321	-12	68	88	92	120	20	24	4	0.166666667	0.2	0.033333333
20	3	1	1	13	47	1.771	1.787	2.022	2.434	2.976	12	80	88	92	136	8	12	4	0.058823529	0.088235294	0.029411765
20	3	1	1	47	97	1.588	1.639	1.863	2.036	2.824	44	144	156	164	200	12	20	8	0.06	0.1	0.04
20	3	1	1	98	179	1.37	1.631	1.545	2.066	2.705	80	216	244	256	324	28	40	12	0.086419753	0.12345679	0.037037037
20	3	2	2	19	52	1.509	1.53	2.256	2.304	3.206	4	88	92	100	132	4	12	8	0.03030303	0.090909091	0.060606061
20	3	3	3	13	47	1.768	1.943	2.742	2.742	3.331	24	92	92	108	136	0	16	16	0	0.117647059	0.117647059
20	3	9	1	13	43	1.73	1.856	2.663	2.687	3.216	20	84	88	92	120	4	8	4	0.033333333	0.066666667	0.033333333
20	3	9	9	43	114	1.557	2.115	2.501	3.015	3.591	120	196	240	248	284	44	52	8	0.154929577	0.183098592	0.028169014
20	3	11	2	18	56	1.412	1.458	2.38	2.661	3.132	8	100	112	112	152	12	12	0	0.078947368	0.078947368	0
20	3	13	1	47	107	1.388	1.772	2.289	2.737	3.071	60	152	188	180	240	36	28	-8	0.15	0.116666667	-0.033333333
20	3	13	13	107	184	1.571	1.86	2.404	2.752	3.268	64	180	248	256	308	68	76	8	0.220779221	0.246753247	0.025974026
20	3	19	1	98	170	1.443	1.699	2.403	2.816	3.187	72	176	236	228	288	60	52	-8	0.208333333	0.180555556	-0.027777778
20	3	20	13	107	174	1.5	1.441	2.336	2.557	3.142	8	148	200	220	268	52	72	20	0.194029851	0.268656716	0.074626866
20	5	1	1	19	77	1.689	1.781	2.231	2.415	2.432	36	140	176	204	232	36	64	28	0.155172414	0.275862069	0.120689655
20	5	1	1	80	126	1.475	1.468	1.967	2.252	2.567	4	104	132	152	184	28	48	20	0.152173913	0.260869565	0.108695652
20	5	1	1	127	191	1.367	1.69	2.011	2.05	2.292	112	184	196	220	256	12	36	24	0.046875	0.140625	0.09375
20	5	2	2	13	66	1.5	1.617	2.653	2.659	3.245	32	140	136	160	212	-4	20	24	-0.018867925	0.094339623	0.113207547
20	5	2	2	66	108	1.762	1.604	2.5	2.571	2.766	16	112	132	132	168	20	20	0	0.119047619	0.119047619	0
20	5	11	2	13	52	1.606	1.603	2.069	2.209	3.147	8	92	108	112	156	16	20	4	0.102564103	0.128205128	0.025641026
20	5	11	11	52	91	1.532	1.747	1.809	2.273	2.911	28	100	120	116	156	20	16	-4	0.128205128	0.102564103	-0.025641026
20	5	12	1	21	78	1.421	1.613	2.155	2.185	2.368	48	156	160	180	228	4	24	20	0.01754386	0.105263158	0.087719298
20	5	12	12	78	137	1.497	1.453	2.355	2.397	2.728	-4	140	164	188	236	24	48	24	0.101694915	0.203389831	0.101694915
20	5	16	11	52	87	1.615	1.448	1.555	1.914	2.485	-24	64	96	116	140	32	52	20	0.228571429	0.371428571	0.142857143
20	5	21	1	80	134	1.124	1.493	2.111	2.218	2.463	36	140	152	164	216	12	24	12	0.055555556	0.111111111	0.055555556
20	5	25	1	127	192	1.217	1.152	1.834	2.324	2.67	8	144	208	208	260	64	64	0	0.246153846	0.246153846	0
20	5	26	21	134	212	1.139	1.672	2.272	2.338	2.409	108	224	240	268	312	16	44	28	0.051282051	0.141025641	0.08974359
21	1	12	1	14	45	1.008	1.424	1.973	2.471	2.869	12	64	96	100	124	32	36	4	0.258064516	0.290322581	0.032258065
21	1	12	12	15	45	0.717	0.712	1.071	1.302	2.165	8	68	80	100	120	12	32	20	0.1	0.266666667	0.166666667
21	1	12	12	47	89	1.324	1.251	2.064	2.893	3.342	28	120	140	140	168	20	20	0	0.119047619	0.119047619	0
22	3	1	1	41	76	1.611	1.636	2.185	2.315	3.015	8	80	100	104	140	20	24	4	0.142857143	0.171428571	0.028571429
22	3	2	2	12	67	1.801	1.914	2.91	2.91	3.144	28	184	184	192	220	0	8	8	0	0.036363636	0.036363636
22	3	12	1	25	65	1.401	1.952	2.637	2.637	3.352	48	108	108	112	160	0	4	4	0	0.025	0.025
22	4	1	1	8	63	1.728	1.626	1.965	2.364	2.844	68	124	172	180	220	48	56	8	0.218181818	0.254545455	0.036363636
22	4	1	1	63	114	1.7	1.602	2.161	2.297	2.643	52	124	152	164	204	28	40	12	0.137254902	0.196078431	0.058823529
22	5	1	1	21	100	1.583	1.597	1.713	1.98	2.601	44	172	248	268	316	76	96	20	0.240506329	0.303797468	0.063291139
22	5	2	2	27	64	1.682	1.631	2.241	2.462	2.667	-8	68	104	104	148	36	36	0	0.243243243	0.243243243	0
22	5	9	9	158	208	2.081	1.489	2.186	2.877	3.01	-60	44	132	140	200	88	96	8	0.44	0.48	0.04
22	5	17	1	100	161	1.437	1.397	2.287	2.287	3.035	-4	128	128	164	244	0	36	36	0	0.147540984	0.147540984
23	3	1	1	25	63	1.691	1.497	2.001	2.172	2.597	-36	72	92	92	152	20	20	0	0.131578947	0.131578947	0
23	3	3	3	16	42	1.951	1.677	2.14	2.56	3.226	-20	28	60	64	104	32	36	4	0.307692308	0.346153846	0.038461538
23	4	1	1	69	114	1.629	1.62	2.056	2.479	2.979	12	84	128	132	180	44	48	4	0.244444444	0.266666667	0.022222222
23	4	1	1	113	158	1.537	1.661	2.056	2.272	2.74	32	100	132	140	180	32	40	8	0.177777778	0.222222222	0.044444444
23	4	13	1	70	113	1.771	1.546	1.599	1.603	2.482	20	88	116	128	172	28	40	12	0.162790698	0.23255814	0.069767442
24	1	1	1	36	75	1.76	2.054	2.662	2.736	3.257	28	100	112	120	156	12	20	8	0.076923077	0.128205128	0.051282051
25	2	1	1	24	61	1.724	1.79	2.271	2.371	2.903	24	96	104	108	148	8	12	4	0.054054054	0.081081081	0.027027027
25	2	1	1	61	122	1.377	1.678	2.211	2.273	2.79	96	180	188	196	244	8	16	8	0.032786885	0.06557377	0.032786885
25	2	11	1	24	61	1.596	1.743	2.513	2.547	3.09	36	100	104	112	148	4	12	8	0.027027027	0.081081081	0.054054054
25	2	11	11	61	107	1.463	1.784	2.255	2.193	2.52	36	132	140	140	184	8	8	0	0.043478261	0.043478261	0
25	2	14	1	61	120	1.526	1.812	2.494	2.543	3.136	48	164	168	184	236	4	20	16	0.016949153	0.084745763	0.06779661
25	4	1	1	40	86	1.449	1.558	1.865	2.261	2.806	16	68	124	140	184	56	72	16	0.304347826	0.391304348	0.086956522
25	4	2	2	33	79	1.977	1.944	2.433	2.687	2.951	-8	76	116	124	184	40	48	8	0.217391304	0.260869565	0.043478261
25	4	3	3	9	44	1.917	2.005	2.49	3.069	1.913	8	56	104	112	140	48	56	8	0.342857143	0.4	0.057142857
25	4	12	1	39	77	1.135	1.365	1.938	2.042	2.646	16	88	104	108	152	16	20	4	0.105263158	0.131578947	0.026315789
26	1	1	1	21	58	1.927	1.884	2.908	2.977	3.358	20	96	112	108	148	16	12	-4	0.108108108	0.081081081	-0.027027027
26	2	1	1	16	45	1.872	1.525	2.012	2.342	2.863	-48	20	64	76	116	44	56	12	0.379310345	0.482758621	0.103448276
26	2	1	1	46	84	1.548	1.468	1.578	2.02	2.47	-8	64	112	120	152	48	56	8	0.315789474	0.368421053	0.052631579
26	2	1	1	84	179	1.257	1.463	2.031	2.262	2.803	112	236	308	304	380	72	68	-4	0.189473684	0.178947368	-0.010526316
26	2	11	1	16	46	1.748	1.392	1.962	2.31	3.471	-44	16	52	56	120	36	40	4	0.3	0.333333333	0.033333333
26	2	11	11	46	81	1.704	1.43	2.248	2.32	2.698	-24	56	64	76	140	8	20	12	0.057142857	0.142857143	0.085714286
26	2	17	1	46	77	1.37	1.445	1.67	1.981	2.584	8	56	80	88	124	24	32	8	0.193548387	0.258064516	0.064516129
26	2	17	17	80	133	1.315	1.417	2.164	2.188	2.518	52	136	148	152	212	12	16	4	0.056603774	0.075471698	0.018867925
26	2	23	1	84	153	1.213	1.402	2.292	2.39	2.828	96	200	216	224	276	16	24	8	0.057971014	0.086956522	0.028985507
26	5	3	3	16	72	1.738	1.778	2.035	2.383	2.88	12	112	152	164	224	40	52	12	0.178571429	0.232142857	0.053571429
27	3	1	1	13	58	1.79	1.749	2.069	2.303	2.725	-8	64	116	132	180	52	68	16	0.288888889	0.377777778	0.088888889
27	3	4	4	23	53	1.823	1.34	1.983	2.39	3.069	-52	24	60	64	120	36	40	4	0.3	0.333333333	0.033333333
27	3	10	1	13	56	1.435	1.52	2.382	2.322	3.161	8	100	96	108	172	-4	8	12	-0.023255814	0.046511628	0.069767442
27	3	10	10	57	111	1.676	1.693	2.128	2.251	2.866	8	108	140	140	216	32	32	0	0.148148148	0.148148148	0
27	3	14	2	42	82	1.461	1.384	1.9	2.097	2.576	8	88	112	120	160	24	32	8	0.15	0.2	0.05
27	3	17	1	59	115	1.276	1.706	2.419	2.505	3.431	64	152	160	168	224	8	16	8	0.035714286	0.071428571	0.035714286
27	3	17	17	115	164	1.781	1.631	2.239	2.496	3.072	-20	48	132	132	196	84	84	0	0.428571429	0.428571429	0
27	4	6	6	5	45	1.026	1.253	2.047	2.174	3.343	44	108	124	136	160	16	28	12	0.1	0.175	0.075
27	5	9	3	25	78	1.419	1.435	1.97	2.538	2.993	4	120	168	164	212	48	44	-4	0.226415094	0.20754717	-0.018867925
27	5	10	4	31	69	1.58	1.091	1.65	2.346	2.922	-28	36	108	112	152	72	76	4	0.473684211	0.5	0.026315789
29	2	12	1	14	49	1.553	1.355	1.928	2.387	2.928	-44	56	92	92	140	36	36	0	0.257142857	0.257142857	0
29	2	12	12	49	94	1.606	1.513	2.166	2.291	2.827	32	108	120	128	180	12	20	8	0.066666667	0.111111111	0.044444444
29	2	17	2	45	92	1.301	1.29	2.258	2.258	2.965	4	116	116	124	188	0	8	8	0	0.042553191	0.042553191
29	2	20	1	46	93	1.081	1.293	1.934	2.038	2.882	32	120	132	132	188	12	12	0	0.063829787	0.063829787	0
29	4	1	1	19	72	1.738	1.675	2.266	2.897	3.546	20	100	156	160	212	56	60	4	0.264150943	0.283018868	0.018867925
29	4	1	1	72	128	1.743	1.752	2.169	2.51	2.986	4	96	156	160	224	60	64	4	0.267857143	0.285714286	0.017857143
